# energy grid [eV]  eels components [arbitrary units]
#
    0.001000000    0.000000000    0.000000002    0.000000000
    0.051081803    0.000069011    0.004055201    0.000045144
    0.101163606    0.000911284    0.008574066    0.000602562
    0.151245409    0.004179758    0.006823524    0.002937531
    0.201327212    0.008659521    0.006893595    0.006422319
    0.251409015    0.011010256    0.007794026    0.007683472
    0.301490818    0.011965226    0.008555271    0.007998131
    0.351572621    0.012509719    0.010104825    0.008888429
    0.401654424    0.014361519    0.012309360    0.011318882
    0.451736227    0.017573819    0.014719508    0.014594458
    0.501818030    0.021513985    0.016638676    0.015900307
    0.551899833    0.025683693    0.018299519    0.013918932
    0.601981636    0.028710905    0.019904873    0.012954001
    0.652063439    0.030230880    0.020832398    0.013773596
    0.702145242    0.030453028    0.021319165    0.014913641
    0.752227045    0.030608167    0.021799219    0.015767809
    0.802308848    0.029222867    0.021356587    0.015330573
    0.852390651    0.027914522    0.021601711    0.014663378
    0.902472454    0.025883490    0.020642198    0.015217482
    0.952554257    0.024390078    0.020207491    0.016677929
    1.002636060    0.024176328    0.020582897    0.018863569
    1.052717863    0.024591806    0.021309337    0.022078633
    1.102799666    0.023899412    0.021525468    0.025371884
    1.152881469    0.023420960    0.021591784    0.027728515
    1.202963272    0.024671736    0.023020599    0.029011523
    1.253045075    0.026305595    0.025024548    0.030738449
    1.303126878    0.028324490    0.027203798    0.033727339
    1.353208681    0.031099720    0.030334022    0.037806081
    1.403290484    0.032914553    0.032818211    0.043636315
    1.453372287    0.032209578    0.033227448    0.051277559
    1.503454090    0.029362279    0.031619445    0.058634069
    1.553535893    0.027721767    0.030411826    0.062894600
    1.603617696    0.029195705    0.032183607    0.064347040
    1.653699499    0.031595133    0.034727095    0.064966222
    1.703781302    0.035149303    0.038550162    0.066349082
    1.753863105    0.039999514    0.041927047    0.065043891
    1.803944908    0.043292952    0.042433824    0.064072058
    1.854026711    0.044679133    0.041017681    0.066915167
    1.904108514    0.045586829    0.040496806    0.068142554
    1.954190317    0.045504877    0.040326187    0.063908726
    2.004272120    0.044744864    0.040535170    0.060423858
    2.054353923    0.043629300    0.041137800    0.058569228
    2.104435726    0.043247053    0.040235669    0.055903361
    2.154517529    0.044603021    0.039067470    0.057357413
    2.204599332    0.048793113    0.042558046    0.062023909
    2.254681135    0.051621044    0.048680879    0.064127369
    2.304762938    0.055315527    0.055218937    0.062767489
    2.354844741    0.060098136    0.060557347    0.057025883
    2.404926544    0.065087152    0.063259966    0.054090619
    2.455008347    0.068901037    0.063415782    0.057483658
    2.505090150    0.071475704    0.063003160    0.064336588
    2.555171953    0.071189504    0.061604684    0.069887212
    2.605253756    0.066660245    0.057581337    0.071443199
    2.655335559    0.060652124    0.053972231    0.073622432
    2.705417362    0.056106029    0.051735733    0.079006408
    2.755499165    0.053791695    0.050345877    0.077889915
    2.805580968    0.051956031    0.048864703    0.071294141
    2.855662771    0.052565929    0.048959620    0.065934775
    2.905744574    0.056509832    0.051756122    0.059487939
    2.955826377    0.061004958    0.054370731    0.054254367
    3.005908180    0.061517098    0.052868495    0.051817043
    3.055989983    0.058564192    0.049095950    0.050330037
    3.106071786    0.052711819    0.044141839    0.047917295
    3.156153589    0.048926351    0.041205952    0.047389520
    3.206235392    0.047943225    0.040463278    0.051193706
    3.256317195    0.044859875    0.038004308    0.052573171
    3.306398998    0.041578961    0.034276403    0.048083309
    3.356480801    0.040617571    0.031707079    0.045574029
    3.406562604    0.039106923    0.029362628    0.045728312
    3.456644407    0.036748530    0.027873405    0.048417969
    3.506726210    0.035369814    0.027905345    0.051630189
    3.556808013    0.035022175    0.028386512    0.049896649
    3.606889816    0.035039705    0.027997130    0.045245162
    3.656971619    0.034826732    0.027271143    0.040195677
    3.707053422    0.034160816    0.026762322    0.036201108
    3.757135225    0.034197700    0.026630460    0.033940658
    3.807217028    0.035620910    0.027633057    0.032843206
    3.857298831    0.037795069    0.030072728    0.031650231
    3.907380634    0.039452612    0.033806337    0.031328113
    3.957462437    0.037781563    0.036999693    0.032043805
    4.007544240    0.035908947    0.038194041    0.031729636
    4.057626043    0.035399360    0.037940525    0.030670164
    4.107707846    0.037297407    0.037659880    0.029582758
    4.157789649    0.041499912    0.039977465    0.028075301
    4.207871452    0.047029077    0.044363763    0.028463625
    4.257953255    0.054826977    0.051440756    0.031380234
    4.308035058    0.067556055    0.064308281    0.034180113
    4.358116861    0.090197896    0.088586426    0.034043907
    4.408198664    0.128333015    0.127047323    0.033747113
    4.458280467    0.157148762    0.152343369    0.033654366
    4.508362270    0.155454504    0.148676015    0.032204196
    4.558444073    0.156668379    0.150027939    0.032630248
    4.608525876    0.166924989    0.160007499    0.035224673
    4.658607679    0.187942962    0.179038448    0.039851059
    4.708689482    0.204380204    0.200922693    0.045243472
    4.758771285    0.210840416    0.219572451    0.051173879
    4.808853088    0.224619424    0.243768934    0.058590665
    4.858934891    0.249447008    0.270959912    0.069777815
    4.909016694    0.272359205    0.285359448    0.087203773
    4.959098497    0.277336304    0.281059139    0.110684709
    5.009180301    0.285572650    0.292168426    0.140088038
    5.059262104    0.291906036    0.302448032    0.154601170
    5.109343907    0.291762714    0.310067292    0.138353251
    5.159425710    0.307389716    0.323143207    0.111692147
    5.209507513    0.317088390    0.313783029    0.092892082
    5.259589316    0.317367714    0.284989399    0.085432438
    5.309671119    0.293473820    0.239586953    0.081730605
    5.359752922    0.272157492    0.212030289    0.080424210
    5.409834725    0.271446813    0.204458666    0.084385279
    5.459916528    0.277640311    0.200271750    0.090508412
    5.509998331    0.286077252    0.194824595    0.097503205
    5.560080134    0.287180680    0.185482550    0.106485231
    5.610161937    0.261647221    0.168487292    0.114174275
    5.660243740    0.221157519    0.153160908    0.120519216
    5.710325543    0.190549748    0.143633235    0.128438748
    5.760407346    0.168263274    0.137112775    0.141803194
    5.810489149    0.158351385    0.130718364    0.155833385
    5.860570952    0.156243454    0.123109823    0.150688408
    5.910652755    0.160705511    0.121707747    0.131074343
    5.960734558    0.172493908    0.129828831    0.125657746
    6.010816361    0.182809440    0.142930329    0.131914762
    6.060898164    0.187449850    0.149860659    0.140410377
    6.110979967    0.187098110    0.146133991    0.144621017
    6.161061770    0.184730347    0.146321864    0.148410314
    6.211143573    0.178579638    0.151814857    0.147391256
    6.261225376    0.172523934    0.158192628    0.142722207
    6.311307179    0.167597578    0.158334953    0.133040304
    6.361388982    0.166890316    0.153528728    0.121339722
    6.411470785    0.167946223    0.143059716    0.110237122
    6.461552588    0.173209377    0.132609821    0.110936944
    6.511634391    0.190405760    0.129981286    0.121679483
    6.561716194    0.208067943    0.132075116    0.117324052
    6.611797997    0.210424292    0.131513133    0.100750881
    6.661879800    0.206049376    0.130184095    0.084293769
    6.711961603    0.200632330    0.130444459    0.074984670
    6.762043406    0.193967362    0.131536703    0.071696456
    6.812125209    0.191523362    0.135864102    0.072118726
    6.862207012    0.186744668    0.139886255    0.076399660
    6.912288815    0.174693953    0.137423221    0.086766262
    6.962370618    0.169210570    0.134736509    0.100611810
    7.012452421    0.167967306    0.134331749    0.106349576
    7.062534224    0.174393541    0.137745559    0.104904805
    7.112616027    0.191962903    0.146424973    0.107327357
    7.162697830    0.208722386    0.160930282    0.103343265
    7.212779633    0.207672247    0.164737062    0.095066285
    7.262861436    0.188339969    0.144625327    0.092942927
    7.312943239    0.170039661    0.122352900    0.086972411
    7.363025042    0.164544077    0.112684956    0.079191814
    7.413106845    0.162400072    0.109899579    0.076071414
    7.463188648    0.166979038    0.107558338    0.073302817
    7.513270451    0.179401625    0.106595735    0.069527941
    7.563352254    0.184318883    0.107058092    0.067648350
    7.613434057    0.174130549    0.106258111    0.067637278
    7.663515860    0.168267625    0.104454547    0.068689683
    7.713597663    0.176887347    0.106551376    0.070495620
    7.763679466    0.180373407    0.108173812    0.072787707
    7.813761269    0.167048939    0.103232992    0.075476634
    7.863843072    0.147528839    0.093874671    0.078553917
    7.913924875    0.135840548    0.088189472    0.082005247
    7.964006678    0.132369633    0.086778230    0.085823228
    8.014088481    0.133944893    0.087802044    0.090017810
    8.064170284    0.138370622    0.090158602    0.094611393
    8.114252087    0.144703294    0.093380118    0.099635765
    8.164333890    0.152573739    0.097269678    0.105131109
    8.214415693    0.161868662    0.101747652    0.111146069
    8.264497496    0.172607647    0.106791937    0.117738456
    8.314579299    0.184894985    0.112413184    0.124976440
    8.364661102    0.198902101    0.118643987    0.132940205
    8.414742905    0.214864584    0.125534247    0.141724112
    8.464824708    0.233087945    0.133149632    0.151439466
    8.514906511    0.253960279    0.141571819    0.162218026
    8.564988314    0.277972035    0.150899971    0.174216476
    8.615070117    0.305744465    0.161253268    0.187622124
    8.665151920    0.338069726    0.172774506    0.202660226
    8.715233723    0.375967470    0.185634899    0.219603471
    8.765315526    0.420765509    0.200040389    0.238784372
    8.815397329    0.474216575    0.216239861    0.260611630
    8.865479132    0.538670539    0.234535891    0.285591966
    8.915560935    0.617334036    0.255298886    0.314359635
    8.965642738    0.714671720    0.278985856    0.347716833
    9.015724541    0.837044202    0.306165603    0.386689854
    9.065806344    0.993755555    0.337552942    0.432608396
    9.115888147    1.198838127    0.374055809    0.487219567
    9.165969950    1.474226576    0.416841106    0.552855023
    9.216051753    1.855690964    0.467428259    0.632681452
    9.266133556    2.404596549    0.527824622    0.731085273
    9.316215359    3.232884668    0.600725472    0.854280070
    9.366297162    4.560658925    0.689816184    1.011296320
    9.416378965    6.861965496    0.800240598    1.215653062
    9.466460768   11.269594917    0.939348155    1.488300915
    9.516542571   20.706683124    1.117925395    1.863059595
    9.566624374   40.946350493    1.352303291    2.397250405
    9.616706177   58.372202214    1.668122831    3.193929902
    9.666787980   37.834730819    2.107411188    4.452234607
    9.716869783   19.110186536    2.742687588    6.592473806
    9.766951586   10.545131262    3.707103174   10.599354232
    9.817033389    6.495867424    5.264265191   19.017234268
    9.867115192    4.353991635    7.985168010   37.865263970
    9.917196995    3.105334150   13.232524356   63.179954138
    9.967278798    2.320154821   24.402459782   47.973350713
   10.017360601    1.796568272   46.602877720   24.115682113
   10.067442404    1.430892488   58.796691792   12.870056265
   10.117524207    1.165835451   36.192554790    7.719011869
   10.167606010    0.967782364   18.752757146    5.075494144
   10.217687813    0.816007959   10.627536042    3.569752303
   10.267769616    0.697192790    6.669329382    2.639381738
   10.317851419    0.602470864    4.527725316    2.027294833
   10.367933222    0.525760392    3.258808843    1.604327733
   10.418015025    0.462779496    2.451346337    1.300352317
   10.468096828    0.410444280    1.908037384    1.074804897
   10.518178631    0.366488824    1.525921953    0.902967410
   10.568260434    0.329218465    1.247396835    0.769109086
   10.618342237    0.297345582    1.038330038    0.662845170
   10.668424040    0.269877846    0.877508595    0.577102337
   10.718505843    0.246040648    0.751209368    0.506931039
   10.768587646    0.225222267    0.650246927    0.448785528
   10.818669449    0.206934480    0.568290623    0.400072771
   10.868751252    0.190783846    0.500865276    0.358861538
   10.918833055    0.176450478    0.444736404    0.323689921
   10.968914858    0.163672158    0.397520098    0.293435038
   11.018996661    0.152232315    0.357428591    0.267223014
   11.069078464    0.141950824    0.323100230    0.244365621
   11.119160267    0.132676902    0.293483371    0.224314949
   11.169242070    0.124283564    0.267755517    0.206630458
   11.219323873    0.116663274    0.245266011    0.190954719
   11.269405676    0.109724488    0.225494765    0.176995302
   11.319487479    0.103388903    0.208022095    0.164511113
   11.369569282    0.097589248    0.192506390    0.153301954
   11.419651085    0.092267494    0.178667369    0.143200493
   11.469732888    0.087373409    0.166273397    0.134066004
   11.519814691    0.082863373    0.155131771    0.125779459
   11.569896494    0.078699426    0.145081222    0.118239651
   11.619978297    0.074848481    0.135986090    0.111360096
   11.670060100    0.071281702    0.127731759    0.105066558
   11.720141903    0.067974021    0.120221108    0.099295048
   11.770223706    0.064903782    0.113371738    0.093990206
   11.820305509    0.062052547    0.107113899    0.089103988
   11.870387312    0.059405077    0.101389028    0.084594610
   11.920469115    0.056949606    0.096148984    0.080425725
   11.970550918    0.054678589    0.091356188    0.076565831
   12.020632721    0.052590377    0.086985260    0.072988016
   12.070714524    0.050692812    0.083027610    0.069670364
   12.120796327    0.049011305    0.079502674    0.066597936
   12.170878130    0.047608221    0.076485959    0.063767264
   12.220959933    0.046633226    0.074182816    0.061170710
   12.271041736    0.046452731    0.073110515    0.058726000
   12.321123539    0.047788109    0.074188842    0.056386475
   12.371205342    0.050193205    0.076620206    0.054138198
   12.421287145    0.049980158    0.075592502    0.052080042
   12.471368948    0.048299057    0.072570248    0.050216702
   12.521450751    0.046124750    0.068785053    0.048457147
   12.571532554    0.044012430    0.065258128    0.046905657
   12.621614357    0.042649580    0.062782252    0.045602484
   12.671696160    0.041131772    0.060067260    0.044566190
   12.721777963    0.039526657    0.057320753    0.043679091
   12.771859766    0.038628805    0.055557457    0.042542483
   12.821941569    0.037701983    0.053708624    0.041436843
   12.872023372    0.036463467    0.051567977    0.040568889
   12.922105175    0.035851676    0.050198623    0.039944042
   12.972186978    0.035554563    0.049230162    0.039724149
   13.022268781    0.035039974    0.048103521    0.040185172
   13.072350584    0.034676594    0.047398290    0.041488100
   13.122432387    0.034509915    0.046890221    0.043073543
   13.172514190    0.033995249    0.045635590    0.043975039
   13.222595993    0.033557976    0.044398849    0.045151458
   13.272677796    0.033607217    0.043720426    0.047434278
   13.322759599    0.035122900    0.044620816    0.051374073
   13.372841402    0.038602287    0.046734720    0.055475381
   13.422923205    0.044509078    0.050085142    0.058587407
   13.473005008    0.049907441    0.053719982    0.063831013
   13.523086811    0.050259754    0.053024959    0.071021562
   13.573168614    0.047342786    0.048438883    0.070330248
   13.623250417    0.043674269    0.044404654    0.067826766
   13.673332220    0.040018639    0.041290034    0.065951352
   13.723414023    0.036553034    0.039213865    0.065228360
   13.773495826    0.034430216    0.038196800    0.066449781
   13.823577629    0.035811064    0.039150927    0.071525199
   13.873659432    0.039316650    0.041466183    0.082211187
   13.923741235    0.043650494    0.044597408    0.098397212
   13.973823038    0.045976475    0.045921850    0.097794619
   14.023904841    0.043898121    0.044890151    0.077611666
   14.073986644    0.039141291    0.045570452    0.061920845
   14.124068447    0.033104464    0.046411568    0.052683685
   14.174150250    0.028072004    0.041537131    0.046536959
   14.224232053    0.024590613    0.036556783    0.040934584
   14.274313856    0.022454334    0.034021695    0.036285827
   14.324395659    0.020739170    0.031314497    0.032845176
   14.374477462    0.018781696    0.026729253    0.030305710
   14.424559265    0.017262567    0.023271247    0.028222480
   14.474641068    0.016208110    0.021314758    0.026611372
   14.524722871    0.015481260    0.020286640    0.024172045
   14.574804674    0.014889376    0.019526852    0.021088776
   14.624886477    0.013898982    0.018297938    0.018633263
   14.674968280    0.013014402    0.017158047    0.017092935
   14.725050083    0.012406376    0.016353746    0.016071133
   14.775131886    0.011952645    0.015743378    0.015312043
   14.825213689    0.011579707    0.015236499    0.014700626
   14.875295492    0.011254719    0.014792113    0.014181886
   14.925377295    0.010961765    0.014390107    0.013726559
   14.975459098    0.010692179    0.014019397    0.013317544
   15.025540902    0.010440752    0.013673244    0.012944074
   15.075622705    0.010204095    0.013347220    0.012598951
   15.125704508    0.009979861    0.013038239    0.012277129
   15.175786311    0.009766347    0.012744042    0.011974932
   15.225868114    0.009562265    0.012462914    0.011689590
   15.275949917    0.009366610    0.012193511    0.011418963
   15.326031720    0.009178578    0.011934750    0.011161357
   15.376113523    0.008997508    0.011685740    0.010915403
   15.426195326    0.008822851    0.011445736    0.010679976
   15.476277129    0.008654139    0.011214100    0.010454141
   15.526358932    0.008490972    0.010990282    0.010237103
   15.576440735    0.008332999    0.010773802    0.010028184
   15.626522538    0.008179912    0.010564232    0.009826798
   15.676604341    0.008031437    0.010361193    0.009632433
   15.726686144    0.007887329    0.010164342    0.009444637
   15.776767947    0.007747367    0.009973371    0.009263010
   15.826849750    0.007611350    0.009787995    0.009087193
   15.876931553    0.007479094    0.009607955    0.008916865
   15.927013356    0.007350430    0.009433013    0.008751733
   15.977095159    0.007225202    0.009262946    0.008591532
   16.027176962    0.007103267    0.009097549    0.008436021
   16.077258765    0.006984488    0.008936629    0.008284976
   16.127340568    0.006868743    0.008780009    0.008138191
   16.177422371    0.006755912    0.008627518    0.007995478
   16.227504174    0.006645887    0.008478999    0.007856660
   16.277585977    0.006538563    0.008334302    0.007721572
   16.327667780    0.006433843    0.008193288    0.007590063
   16.377749583    0.006331635    0.008055821    0.007461987
   16.427831386    0.006231852    0.007921776    0.007337211
   16.477913189    0.006134410    0.007791033    0.007215609
   16.527994992    0.006039231    0.007663479    0.007097061
   16.578076795    0.005946241    0.007539004    0.006981455
   16.628158598    0.005855367    0.007417506    0.006868684
   16.678240401    0.005766543    0.007298886    0.006758648
   16.728322204    0.005679703    0.007183051    0.006651252
   16.778404007    0.005594786    0.007069909    0.006546405
   16.828485810    0.005511732    0.006959376    0.006444020
   16.878567613    0.005430485    0.006851369    0.006344016
   16.928649416    0.005350991    0.006745810    0.006246315
   16.978731219    0.005273196    0.006642623    0.006150842
   17.028813022    0.005197052    0.006541736    0.006057526
   17.078894825    0.005122511    0.006443079    0.005966299
   17.128976628    0.005049526    0.006346586    0.005877096
   17.179058431    0.004978053    0.006252193    0.005789855
   17.229140234    0.004908049    0.006159837    0.005704516
   17.279222037    0.004839474    0.006069461    0.005621021
   17.329303840    0.004772287    0.005981006    0.005539316
   17.379385643    0.004706452    0.005894419    0.005459349
   17.429467446    0.004641931    0.005809645    0.005381069
   17.479549249    0.004578689    0.005726635    0.005304426
   17.529631052    0.004516691    0.005645340    0.005229376
   17.579712855    0.004455905    0.005565711    0.005155871
   17.629794658    0.004396299    0.005487704    0.005083870
   17.679876461    0.004337843    0.005411273    0.005013330
   17.729958264    0.004280505    0.005336378    0.004944212
   17.780040067    0.004224259    0.005262977    0.004876476
   17.830121870    0.004169076    0.005191029    0.004810085
   17.880203673    0.004114929    0.005120498    0.004745004
   17.930285476    0.004061793    0.005051345    0.004681197
   17.980367279    0.004009642    0.004983535    0.004618631
   18.030449082    0.003958452    0.004917034    0.004557273
   18.080530885    0.003908199    0.004851808    0.004497093
   18.130612688    0.003858860    0.004787824    0.004438059
   18.180694491    0.003810414    0.004725051    0.004380144
   18.230776294    0.003762839    0.004663460    0.004323317
   18.280858097    0.003716114    0.004603019    0.004267552
   18.330939900    0.003670219    0.004543702    0.004212823
   18.381021703    0.003625135    0.004485480    0.004159104
   18.431103506    0.003580842    0.004428327    0.004106369
   18.481185309    0.003537322    0.004372216    0.004054595
   18.531267112    0.003494557    0.004317123    0.004003759
   18.581348915    0.003452531    0.004263024    0.003953838
   18.631430718    0.003411226    0.004209894    0.003904810
   18.681512521    0.003370625    0.004157710    0.003856654
   18.731594324    0.003330713    0.004106451    0.003809349
   18.781676127    0.003291475    0.004056095    0.003762875
   18.831757930    0.003252895    0.004006621    0.003717214
   18.881839733    0.003214960    0.003958009    0.003672345
   18.931921536    0.003177654    0.003910238    0.003628251
   18.982003339    0.003140964    0.003863290    0.003584915
   19.032085142    0.003104876    0.003817146    0.003542318
   19.082166945    0.003069378    0.003771787    0.003500445
   19.132248748    0.003034457    0.003727198    0.003459279
   19.182330551    0.003000100    0.003683359    0.003418803
   19.232412354    0.002966296    0.003640254    0.003379004
   19.282494157    0.002933033    0.003597868    0.003339866
   19.332575960    0.002900300    0.003556185    0.003301374
   19.382657763    0.002868084    0.003515189    0.003263514
   19.432739566    0.002836377    0.003474865    0.003226274
   19.482821369    0.002805166    0.003435200    0.003189638
   19.532903172    0.002774443    0.003396178    0.003153595
   19.582984975    0.002744196    0.003357786    0.003118132
   19.633066778    0.002714416    0.003320011    0.003083237
   19.683148581    0.002685095    0.003282840    0.003048896
   19.733230384    0.002656221    0.003246260    0.003015100
   19.783312187    0.002627788    0.003210259    0.002981836
   19.833393990    0.002599785    0.003174824    0.002949094
   19.883475793    0.002572204    0.003139945    0.002916863
   19.933557596    0.002545037    0.003105609    0.002885132
   19.983639399    0.002518276    0.003071806    0.002853891
   20.033721202    0.002491912    0.003038525    0.002823130
   20.083803005    0.002465939    0.003005755    0.002792839
   20.133884808    0.002440348    0.002973485    0.002763010
   20.183966611    0.002415132    0.002941707    0.002733632
   20.234048414    0.002390284    0.002910410    0.002704698
   20.284130217    0.002365797    0.002879584    0.002676197
   20.334212020    0.002341665    0.002849221    0.002648122
   20.384293823    0.002317879    0.002819311    0.002620464
   20.434375626    0.002294434    0.002789845    0.002593215
   20.484457429    0.002271324    0.002760815    0.002566367
   20.534539232    0.002248542    0.002732212    0.002539912
   20.584621035    0.002226082    0.002704029    0.002513844
   20.634702838    0.002203938    0.002676256    0.002488153
   20.684784641    0.002182105    0.002648887    0.002462834
   20.734866444    0.002160576    0.002621913    0.002437880
   20.784948247    0.002139346    0.002595327    0.002413282
   20.835030050    0.002118410    0.002569122    0.002389036
   20.885111853    0.002097763    0.002543291    0.002365133
   20.935193656    0.002077399    0.002517827    0.002341569
   20.985275459    0.002057312    0.002492722    0.002318335
   21.035357262    0.002037499    0.002467971    0.002295428
   21.085439065    0.002017955    0.002443566    0.002272839
   21.135520868    0.001998674    0.002419502    0.002250564
   21.185602671    0.001979652    0.002395772    0.002228598
   21.235684474    0.001960884    0.002372370    0.002206933
   21.285766277    0.001942366    0.002349291    0.002185566
   21.335848080    0.001924094    0.002326528    0.002164490
   21.385929883    0.001906064    0.002304075    0.002143700
   21.436011686    0.001888270    0.002281928    0.002123192
   21.486093489    0.001870710    0.002260081    0.002102960
   21.536175292    0.001853379    0.002238528    0.002083000
   21.586257095    0.001836274    0.002217265    0.002063306
   21.636338898    0.001819390    0.002196286    0.002043875
   21.686420701    0.001802723    0.002175587    0.002024701
   21.736502504    0.001786271    0.002155162    0.002005780
   21.786584307    0.001770029    0.002135006    0.001987108
   21.836666110    0.001753995    0.002115116    0.001968680
   21.886747913    0.001738163    0.002095487    0.001950493
   21.936829716    0.001722533    0.002076113    0.001932542
   21.986911519    0.001707099    0.002056991    0.001914823
   22.036993322    0.001691858    0.002038117    0.001897332
   22.087075125    0.001676809    0.002019486    0.001880066
   22.137156928    0.001661946    0.002001095    0.001863021
   22.187238731    0.001647269    0.001982938    0.001846192
   22.237320534    0.001632772    0.001965013    0.001829577
   22.287402337    0.001618454    0.001947316    0.001813172
   22.337484140    0.001604312    0.001929842    0.001796973
   22.387565943    0.001590343    0.001912588    0.001780978
   22.437647746    0.001576544    0.001895551    0.001765182
   22.487729549    0.001562912    0.001878727    0.001749583
   22.537811352    0.001549445    0.001862112    0.001734177
   22.587893155    0.001536140    0.001845703    0.001718961
   22.637974958    0.001522995    0.001829497    0.001703932
   22.688056761    0.001510007    0.001813490    0.001689088
   22.738138564    0.001497174    0.001797680    0.001674424
   22.788220367    0.001484493    0.001782063    0.001659940
   22.838302170    0.001471962    0.001766636    0.001645630
   22.888383973    0.001459579    0.001751396    0.001631494
   22.938465776    0.001447341    0.001736340    0.001617527
   22.988547579    0.001435247    0.001721466    0.001603728
   23.038629382    0.001423293    0.001706769    0.001590093
   23.088711185    0.001411479    0.001692249    0.001576621
   23.138792988    0.001399801    0.001677901    0.001563309
   23.188874791    0.001388258    0.001663724    0.001550153
   23.238956594    0.001376848    0.001649714    0.001537153
   23.289038397    0.001365569    0.001635869    0.001524305
   23.339120200    0.001354418    0.001622187    0.001511607
   23.389202003    0.001343395    0.001608665    0.001499057
   23.439283806    0.001332496    0.001595300    0.001486653
   23.489365609    0.001321720    0.001582091    0.001474392
   23.539447412    0.001311066    0.001569034    0.001462273
   23.589529215    0.001300532    0.001556128    0.001450292
   23.639611018    0.001290116    0.001543371    0.001438449
   23.689692821    0.001279815    0.001530759    0.001426741
   23.739774624    0.001269630    0.001518292    0.001415165
   23.789856427    0.001259557    0.001505966    0.001403721
   23.839938230    0.001249595    0.001493780    0.001392407
   23.890020033    0.001239743    0.001481732    0.001381219
   23.940101836    0.001229999    0.001469819    0.001370157
   23.990183639    0.001220362    0.001458040    0.001359218
   24.040265442    0.001210829    0.001446393    0.001348401
   24.090347245    0.001201400    0.001434875    0.001337705
   24.140429048    0.001192074    0.001423486    0.001327126
   24.190510851    0.001182848    0.001412222    0.001316665
   24.240592654    0.001173721    0.001401083    0.001306318
   24.290674457    0.001164692    0.001390067    0.001296084
   24.340756260    0.001155760    0.001379171    0.001285963
   24.390838063    0.001146922    0.001368394    0.001275951
   24.440919866    0.001138179    0.001357734    0.001266048
   24.491001669    0.001129529    0.001347191    0.001256252
   24.541083472    0.001120969    0.001336761    0.001246562
   24.591165275    0.001112500    0.001326444    0.001236975
   24.641247078    0.001104119    0.001316237    0.001227492
   24.691328881    0.001095827    0.001306140    0.001218109
   24.741410684    0.001087620    0.001296151    0.001208827
   24.791492487    0.001079499    0.001286269    0.001199642
   24.841574290    0.001071462    0.001276491    0.001190555
   24.891656093    0.001063509    0.001266816    0.001181564
   24.941737896    0.001055637    0.001257244    0.001172667
   24.991819699    0.001047846    0.001247772    0.001163863
   25.041901503    0.001040134    0.001238400    0.001155151
   25.091983306    0.001032502    0.001229125    0.001146530
   25.142065109    0.001024947    0.001219947    0.001137999
   25.192146912    0.001017468    0.001210865    0.001129555
   25.242228715    0.001010066    0.001201876    0.001121199
   25.292310518    0.001002738    0.001192980    0.001112928
   25.342392321    0.000995483    0.001184176    0.001104743
   25.392474124    0.000988301    0.001175462    0.001096640
   25.442555927    0.000981192    0.001166837    0.001088621
   25.492637730    0.000974153    0.001158300    0.001080683
   25.542719533    0.000967184    0.001149850    0.001072825
   25.592801336    0.000960284    0.001141485    0.001065047
   25.642883139    0.000953452    0.001133205    0.001057347
   25.692964942    0.000946687    0.001125009    0.001049724
   25.743046745    0.000939989    0.001116894    0.001042177
   25.793128548    0.000933356    0.001108861    0.001034706
   25.843210351    0.000926789    0.001100908    0.001027309
   25.893292154    0.000920285    0.001093035    0.001019985
   25.943373957    0.000913844    0.001085239    0.001012734
   25.993455760    0.000907466    0.001077521    0.001005554
   26.043537563    0.000901149    0.001069878    0.000998445
   26.093619366    0.000894893    0.001062311    0.000991406
   26.143701169    0.000888698    0.001054819    0.000984435
   26.193782972    0.000882561    0.001047399    0.000977532
   26.243864775    0.000876483    0.001040052    0.000970697
   26.293946578    0.000870463    0.001032776    0.000963928
   26.344028381    0.000864500    0.001025571    0.000957224
   26.394110184    0.000858594    0.001018435    0.000950584
   26.444191987    0.000852743    0.001011369    0.000944009
   26.494273790    0.000846948    0.001004370    0.000937496
   26.544355593    0.000841206    0.000997438    0.000931046
   26.594437396    0.000835519    0.000990573    0.000924657
   26.644519199    0.000829885    0.000983773    0.000918329
   26.694601002    0.000824303    0.000977038    0.000912060
   26.744682805    0.000818773    0.000970366    0.000905851
   26.794764608    0.000813294    0.000963758    0.000899701
   26.844846411    0.000807866    0.000957212    0.000893608
   26.894928214    0.000802488    0.000950728    0.000887573
   26.945010017    0.000797159    0.000944304    0.000881593
   26.995091820    0.000791880    0.000937940    0.000875670
   27.045173623    0.000786648    0.000931636    0.000869802
   27.095255426    0.000781464    0.000925390    0.000863988
   27.145337229    0.000776327    0.000919203    0.000858227
   27.195419032    0.000771237    0.000913072    0.000852520
   27.245500835    0.000766193    0.000906998    0.000846865
   27.295582638    0.000761194    0.000900980    0.000841262
   27.345664441    0.000756241    0.000895018    0.000835711
   27.395746244    0.000751331    0.000889109    0.000830210
   27.445828047    0.000746466    0.000883255    0.000824759
   27.495909850    0.000741644    0.000877454    0.000819357
   27.545991653    0.000736865    0.000871706    0.000814005
   27.596073456    0.000732129    0.000866009    0.000808700
   27.646155259    0.000727435    0.000860365    0.000803444
   27.696237062    0.000722781    0.000854770    0.000798234
   27.746318865    0.000718169    0.000849227    0.000793072
   27.796400668    0.000713598    0.000843733    0.000787955
   27.846482471    0.000709067    0.000838288    0.000782884
   27.896564274    0.000704575    0.000832891    0.000777858
   27.946646077    0.000700122    0.000827543    0.000772876
   27.996727880    0.000695709    0.000822242    0.000767939
   28.046809683    0.000691333    0.000816987    0.000763045
   28.096891486    0.000686995    0.000811779    0.000758194
   28.146973289    0.000682695    0.000806617    0.000753386
   28.197055092    0.000678432    0.000801501    0.000748620
   28.247136895    0.000674206    0.000796429    0.000743895
   28.297218698    0.000670016    0.000791401    0.000739211
   28.347300501    0.000665861    0.000786417    0.000734569
   28.397382304    0.000661742    0.000781477    0.000729966
   28.447464107    0.000657658    0.000776579    0.000725403
   28.497545910    0.000653609    0.000771724    0.000720879
   28.547627713    0.000649594    0.000766910    0.000716395
   28.597709516    0.000645613    0.000762138    0.000711949
   28.647791319    0.000641666    0.000757407    0.000707540
   28.697873122    0.000637752    0.000752716    0.000703170
   28.747954925    0.000633870    0.000748066    0.000698836
   28.798036728    0.000630021    0.000743455    0.000694540
   28.848118531    0.000626205    0.000738883    0.000690280
   28.898200334    0.000622420    0.000734350    0.000686055
   28.948282137    0.000618666    0.000729855    0.000681867
   28.998363940    0.000614944    0.000725398    0.000677714
   29.048445743    0.000611252    0.000720979    0.000673595
   29.098527546    0.000607591    0.000716596    0.000669511
   29.148609349    0.000603960    0.000712251    0.000665461
   29.198691152    0.000600359    0.000707942    0.000661445
   29.248772955    0.000596787    0.000703668    0.000657462
   29.298854758    0.000593244    0.000699430    0.000653512
   29.348936561    0.000589731    0.000695228    0.000649595
   29.399018364    0.000586245    0.000691060    0.000645710
   29.449100167    0.000582789    0.000686926    0.000641857
   29.499181970    0.000579360    0.000682827    0.000638036
   29.549263773    0.000575959    0.000678761    0.000634246
   29.599345576    0.000572585    0.000674728    0.000630487
   29.649427379    0.000569238    0.000670729    0.000626758
   29.699509182    0.000565919    0.000666762    0.000623060
   29.749590985    0.000562625    0.000662827    0.000619392
   29.799672788    0.000559359    0.000658924    0.000615754
   29.849754591    0.000556118    0.000655053    0.000612145
   29.899836394    0.000552903    0.000651214    0.000608565
   29.949918197    0.000549713    0.000647405    0.000605014
   30.000000000    0.000546549    0.000643627    0.000601492
