# energy grid [eV]     ieps_x  ieps_y  ieps_z
#
    0.001000000  245.010141219  207.941717393  317.343953961
    0.051081803  181.996781085  165.864069389  236.407516617
    0.101163606  131.509584905  129.264736153  171.140840587
    0.151245409  104.120466082  107.156167671  135.286819085
    0.201327212   86.767516044   91.943230706  112.272599475
    0.251409015   74.597537921   80.616880911   95.954209153
    0.301490818   65.509780159   71.777564733   83.664526199
    0.351572621   58.429994312   64.656983134   74.030425503
    0.401654424   52.741252646   58.784900210   66.257099535
    0.451736227   48.059554222   53.852207574   59.845987006
    0.501818030   44.131708755   49.645500781   54.465815565
    0.551899833   40.783461996   46.012091730   49.886681744
    0.601981636   37.890826247   42.839679336   45.943439437
    0.652063439   35.363173687   40.043794444   42.514058913
    0.702145242   33.132750951   37.559685236   39.506203897
    0.752227045   31.147912391   35.336886880   36.848577961
    0.802308848   29.368611247   33.335486081   34.485163163
    0.852390651   27.763315191   31.523492999   32.371276726
    0.902472454   26.306848995   29.874956722   30.470805693
    0.952554257   24.978856582   28.368591355   28.754225262
    1.002636060   23.762686112   26.986759531   27.197150830
    1.052717863   22.644569524   25.714710254   25.779261328
    1.102799666   21.613010519   24.540000381   24.483485856
    1.152881469   20.658322263   23.452050477   23.295380406
    1.202963272   19.772274129   22.441800177   22.202644036
    1.253045075   18.947818793   21.501438069   21.194738894
    1.303126878   18.178879256   20.624187974   20.262588648
    1.353208681   17.460181007   19.804138332   19.398336843
    1.403290484   16.787118549   19.036104843   18.595151605
    1.453372287   16.155648326   18.315518992   17.847066550
    1.503454090   15.562202107   17.638336901   17.148850262
    1.553535893   15.003616375   17.000964249   16.495898507
    1.603617696   14.477074330   16.400194027   15.884144679
    1.653699499   13.980057904   15.833154593   15.309984990
    1.703781302   13.510307805   15.297266060   14.770215648
    1.753863105   13.065790030   14.790203477   14.261979858
    1.803944908   12.644667617   14.309865572   13.782722904
    1.854026711   12.245276700   13.854348087   13.330153929
    1.904108514   11.866106088   13.421920919   12.902213281
    1.954190317   11.505779763   13.011008436   12.497044512
    2.004272120   11.163041815   12.620172458   12.112970290
    2.054353923   10.836743399   12.248097477   11.748471602
    2.104435726   10.525831417   11.893577777   11.402169742
    2.154517529   10.229338640   11.555506178   11.072810667
    2.204599332    9.946375058   11.232864142   10.759251374
    2.254681135    9.676120283   10.924713080   10.460447994
    2.304762938    9.417816853   10.630186663   10.175445370
    2.354844741    9.170764303   10.348484021    9.903367902
    2.404926544    8.934313916   10.078863700    9.643411496
    2.455008347    8.707864043    9.820638283    9.394836452
    2.505090150    8.490855936    9.573169594    9.156961180
    2.555171953    8.282770018    9.335864396    8.929156637
    2.605253756    8.083122544    9.108170552    8.710841371
    2.655335559    7.891462594    8.889573555    8.501477126
    2.705417362    7.707369375    8.679593424    8.300564916
    2.755499165    7.530449776    8.477781890    8.107641513
    2.805580968    7.360336169    8.283719857    7.922276312
    2.855662771    7.196684409    8.097015107    7.744068513
    2.905744574    7.039172023    7.917300211    7.572644589
    2.955826377    6.887496563    7.744230641    7.407656011
    3.005908180    6.741374110    7.577483043    7.248777196
    3.055989983    6.600537904    7.416753667    7.095703647
    3.106071786    6.464737098    7.261756938    6.948150282
    3.156153589    6.333735620    7.112224140    6.805849909
    3.206235392    6.207311121    6.967902226    6.668551852
    3.256317195    6.085254024    6.828552709    6.536020692
    3.306398998    5.967366643    6.693950665    6.408035132
    3.356480801    5.853462371    6.563883798    6.284386953
    3.406562604    5.743364941    6.438151597    6.164880068
    3.456644407    5.636907738    6.316564544    6.049329654
    3.506726210    5.533933168    6.198943394    5.937561357
    3.556808013    5.434292072    6.085118510    5.829410567
    3.606889816    5.337843188    5.974929243    5.724721751
    3.656971619    5.244452653    5.868223362    5.623347836
    3.707053422    5.153993539    5.764856529    5.525149650
    3.757135225    5.066345422    5.664691808    5.429995402
    3.807217028    4.981393991    5.567599209    5.337760200
    3.857298831    4.899030671    5.473455271    5.248325614
    3.907380634    4.819152283    5.382142669    5.161579264
    3.957462437    4.741660728    5.293549848    5.077414447
    4.007544240    4.666462681    5.207570687    4.995729782
    4.057626043    4.593469322    5.124104181    4.916428891
    4.107707846    4.522596075    5.043054149    4.839420094
    4.157789649    4.453762364    4.964328958    4.764616136
    4.207871452    4.386891391    4.887841266    4.691933921
    4.257953255    4.321909925    4.813507785    4.621294275
    4.308035058    4.258748102    4.741249054    4.552621722
    4.358116861    4.197339247    4.670989233    4.485844268
    4.408198664    4.137619693    4.602655903    4.420893216
    4.458280467    4.079528629    4.536179884    4.357702973
    4.508362270    4.023007938    4.471495063    4.296210888
    4.558444073    3.968002063    4.408538232    4.236357088
    4.608525876    3.914457870    4.347248935    4.178084329
    4.658607679    3.862324521    4.287569328    4.121337859
    4.708689482    3.811553359    4.229444041    4.066065285
    4.758771285    3.762097796    4.172820055    4.012216451
    4.808853088    3.713913208    4.117646585    3.959743324
    4.858934891    3.666956836    4.063874963    3.908599881
    4.909016694    3.621187695    4.011458537    3.858742013
    4.959098497    3.576566487    3.960352570    3.810127429
    5.009180301    3.533055516    3.910514149    3.762715560
    5.059262104    3.490618613    3.861902093    3.716467481
    5.109343907    3.449221061    3.814476872    3.671345829
    5.159425710    3.408829529    3.768200530    3.627314727
    5.209507513    3.369412001    3.723036607    3.584339711
    5.259589316    3.330937717    3.678950070    3.542387668
    5.309671119    3.293377118    3.635907250    3.501426770
    5.359752922    3.256701784    3.593875774    3.461426413
    5.409834725    3.220884387    3.552824509    3.422357163
    5.459916528    3.185898638    3.512723503    3.384190700
    5.509998331    3.151719242    3.473543936    3.346899769
    5.560080134    3.118321853    3.435258065    3.310458133
    5.610161937    3.085683031    3.397839178    3.274840525
    5.660243740    3.053780203    3.361261547    3.240022607
    5.710325543    3.022591624    3.325500389    3.205980928
    5.760407346    2.992096343    3.290531819    3.172692889
    5.810489149    2.962274164    3.256332816    3.140136698
    5.860570952    2.933105619    3.222881184    3.108291345
    5.910652755    2.904571935    3.190155517    3.077136561
    5.960734558    2.876655002    3.158135165    3.046652793
    6.010816361    2.849337350    3.126800204    3.016821169
    6.060898164    2.822602116    3.096131403    2.987623471
    6.110979967    2.796433026    3.066110200    2.959042110
    6.161061770    2.770814365    3.036718668    2.931060098
    6.211143573    2.745730957    3.007939495    2.903661024
    6.261225376    2.721168141    2.979755956    2.876829030
    6.311307179    2.697111754    2.952151888    2.850548791
    6.361388982    2.673548106    2.925111672    2.824805492
    6.411470785    2.650463965    2.898620207    2.799584807
    6.461552588    2.627846538    2.872662892    2.774872884
    6.511634391    2.605683452    2.847225606    2.750656318
    6.561716194    2.583962739    2.822294688    2.726922144
    6.611797997    2.562672821    2.797856921    2.703657813
    6.661879800    2.541802493    2.773899512    2.680851177
    6.711961603    2.521340910    2.750410080    2.658490476
    6.762043406    2.501277574    2.727376636    2.636564323
    6.812125209    2.481602318    2.704787573    2.615061686
    6.862207012    2.462305298    2.682631645    2.593971880
    6.912288815    2.443376975    2.660897961    2.573284553
    6.962370618    2.424808110    2.639575966    2.552989669
    7.012452421    2.406589747    2.618655432    2.533077504
    7.062534224    2.388713208    2.598126443    2.513538628
    7.112616027    2.371170080    2.577979387    2.494363898
    7.162697830    2.353952203    2.558204944    2.475544446
    7.212779633    2.337051667    2.538794072    2.457071670
    7.262861436    2.320460798    2.519738004    2.438937226
    7.312943239    2.304172150    2.501028230    2.421133015
    7.363025042    2.288178500    2.482656495    2.403651177
    7.413106845    2.272472838    2.464614785    2.386484083
    7.463188648    2.257048358    2.446895322    2.369624326
    7.513270451    2.241898455    2.429490555    2.353064714
    7.563352254    2.227016713    2.412393149    2.336798260
    7.613434057    2.212396904    2.395595983    2.320818181
    7.663515860    2.198032976    2.379092137    2.305117883
    7.713597663    2.183919051    2.362874891    2.289690962
    7.763679466    2.170049418    2.346937712    2.274531193
    7.813761269    2.156418527    2.331274254    2.259632525
    7.863843072    2.143020982    2.315878346    2.244989078
    7.913924875    2.129851541    2.300743990    2.230595132
    7.964006678    2.116905105    2.285865355    2.216445127
    8.014088481    2.104176716    2.271236769    2.202533654
    8.064170284    2.091661553    2.256852716    2.188855453
    8.114252087    2.079354925    2.242707830    2.175405406
    8.164333890    2.067252271    2.228796892    2.162178533
    8.214415693    2.055349152    2.215114821    2.149169988
    8.264497496    2.043641247    2.201656675    2.136375056
    8.314579299    2.032124353    2.188417641    2.123789145
    8.364661102    2.020794377    2.175393038    2.111407785
    8.414742905    2.009647336    2.162578303    2.099226626
    8.464824708    1.998679349    2.149968999    2.087241430
    8.514906511    1.987886641    2.137560799    2.075448068
    8.564988314    1.977265531    2.125349493    2.063842521
    8.615070117    1.966812436    2.113330978    2.052420872
    8.665151920    1.956523865    2.101501257    2.041179305
    8.715233723    1.946396416    2.089856435    2.030114103
    8.765315526    1.936426775    2.078392716    2.019221640
    8.815397329    1.926611711    2.067106402    2.008498385
    8.865479132    1.916948077    2.055993887    1.997940894
    8.915560935    1.907432801    2.045051656    1.987545811
    8.965642738    1.898062892    2.034276280    1.977309862
    9.015724541    1.888835433    2.023664418    1.967229855
    9.065806344    1.879747576    2.013212811    1.957302678
    9.115888147    1.870796548    2.002918279    1.947525293
    9.165969950    1.861979640    1.992777721    1.937894738
    9.216051753    1.853294212    1.982788112    1.928408124
    9.266133556    1.844737688    1.972946499    1.919062631
    9.316215359    1.836307553    1.963250001    1.909855506
    9.366297162    1.828001352    1.953695808    1.900784063
    9.416378965    1.819816693    1.944281174    1.891845682
    9.466460768    1.811751236    1.935003422    1.883037802
    9.516542571    1.803802701    1.925859935    1.874357926
    9.566624374    1.795968858    1.916848161    1.865803614
    9.616706177    1.788247532    1.907965606    1.857372484
    9.666787980    1.780636600    1.899209835    1.849062209
    9.716869783    1.773133985    1.890578469    1.840870516
    9.766951586    1.765737661    1.882069186    1.832795187
    9.817033389    1.758445649    1.873679715    1.824834052
    9.867115192    1.751256013    1.865407839    1.816984993
    9.917196995    1.744166864    1.857251391    1.809245939
    9.967278798    1.737176356    1.849208254    1.801614868
   10.017360601    1.730282683    1.841276358    1.794089802
   10.067442404    1.723484080    1.833453681    1.786668808
   10.117524207    1.716778825    1.825738245    1.779349998
   10.167606010    1.710165232    1.818128118    1.772131525
   10.217687813    1.703641651    1.810621410    1.765011583
   10.267769616    1.697206472    1.803216272    1.757988406
   10.317851419    1.690858120    1.795910897    1.751060267
   10.367933222    1.684595053    1.788703518    1.744225479
   10.418015025    1.678415763    1.781592406    1.737482389
   10.468096828    1.672318778    1.774575870    1.730829381
   10.518178631    1.666302654    1.767652257    1.724264876
   10.568260434    1.660365981    1.760819946    1.717787328
   10.618342237    1.654507377    1.754077355    1.711395222
   10.668424040    1.648725494    1.747422934    1.705087079
   10.718505843    1.643019007    1.740855166    1.698861450
   10.768587646    1.637386625    1.734372567    1.692716917
   10.818669449    1.631827080    1.727973684    1.686652092
   10.868751252    1.626339132    1.721657095    1.680665616
   10.918833055    1.620921570    1.715421407    1.674756160
   10.968914858    1.615573203    1.709265257    1.668922420
   11.018996661    1.610292870    1.703187310    1.663163123
   11.069078464    1.605079431    1.697186259    1.657477020
   11.119160267    1.599931770    1.691260824    1.651862888
   11.169242070    1.594848796    1.685409750    1.646319529
   11.219323873    1.589829438    1.679631811    1.640845771
   11.269405676    1.584872648    1.673925802    1.635440465
   11.319487479    1.579977399    1.668290546    1.630102485
   11.369569282    1.575142686    1.662724887    1.624830729
   11.419651085    1.570367523    1.657227695    1.619624117
   11.469732888    1.565650944    1.651797860    1.614481589
   11.519814691    1.560992002    1.646434297    1.609402109
   11.569896494    1.556389771    1.641135940    1.604384660
   11.619978297    1.551843342    1.635901746    1.599428246
   11.670060100    1.547351823    1.630730692    1.594531889
   11.720141903    1.542914340    1.625621775    1.589694634
   11.770223706    1.538530039    1.620574013    1.584915540
   11.820305509    1.534198079    1.615586440    1.580193689
   11.870387312    1.529917638    1.610658114    1.575528178
   11.920469115    1.525687908    1.605788106    1.570918123
   11.970550918    1.521508098    1.600975508    1.566362656
   12.020632721    1.517377433    1.596219428    1.561860927
   12.070714524    1.513295150    1.591518993    1.557412101
   12.120796327    1.509260503    1.586873346    1.553015360
   12.170878130    1.505272761    1.582281644    1.548669902
   12.220959933    1.501331204    1.577743064    1.544374940
   12.271041736    1.497435129    1.573256795    1.540129700
   12.321123539    1.493583842    1.568822043    1.535933425
   12.371205342    1.489776667    1.564438030    1.531785372
   12.421287145    1.486012937    1.560103990    1.527684812
   12.471368948    1.482292000    1.555819173    1.523631027
   12.521450751    1.478613213    1.551582843    1.519623316
   12.571532554    1.474975948    1.547394276    1.515660988
   12.621614357    1.471379586    1.543252764    1.511743368
   12.671696160    1.467823523    1.539157609    1.507869791
   12.721777963    1.464307162    1.535108128    1.504039605
   12.771859766    1.460829920    1.531103650    1.500252170
   12.821941569    1.457391222    1.527143515    1.496506856
   12.872023372    1.453990506    1.523227077    1.492803048
   12.922105175    1.450627219    1.519353700    1.489140138
   12.972186978    1.447300818    1.515522760    1.485517533
   13.022268781    1.444010768    1.511733644    1.481934648
   13.072350584    1.440756547    1.507985751    1.478390908
   13.122432387    1.437537641    1.504278490    1.474885752
   13.172514190    1.434353543    1.500611279    1.471418624
   13.222595993    1.431203758    1.496983548    1.467988982
   13.272677796    1.428087797    1.493394738    1.464596291
   13.322759599    1.425005183    1.489844298    1.461240027
   13.372841402    1.421955444    1.486331686    1.457919673
   13.422923205    1.418938119    1.482856372    1.454634725
   13.473005008    1.415952752    1.479417834    1.451384683
   13.523086811    1.412998898    1.476015557    1.448169060
   13.573168614    1.410076117    1.472649039    1.444987374
   13.623250417    1.407183979    1.469317783    1.441839154
   13.673332220    1.404322060    1.466021303    1.438723935
   13.723414023    1.401489943    1.462759119    1.435641262
   13.773495826    1.398687220    1.459530761    1.432590686
   13.823577629    1.395913486    1.456335767    1.429571765
   13.873659432    1.393168348    1.453173682    1.426584069
   13.923741235    1.390451416    1.450044059    1.423627169
   13.973823038    1.387762308    1.446946458    1.420700648
   14.023904841    1.385100648    1.443880447    1.417804095
   14.073986644    1.382466066    1.440845601    1.414937104
   14.124068447    1.379858199    1.437841503    1.412099277
   14.174150250    1.377276689    1.434867740    1.409290223
   14.224232053    1.374721185    1.431923910    1.406509558
   14.274313856    1.372191342    1.429009615    1.403756902
   14.324395659    1.369686818    1.426124464    1.401031885
   14.374477462    1.367207280    1.423268072    1.398334138
   14.424559265    1.364752399    1.420440061    1.395663304
   14.474641068    1.362321852    1.417640059    1.393019026
   14.524722871    1.359915319    1.414867700    1.390400958
   14.574804674    1.357532488    1.412122623    1.387808756
   14.624886477    1.355173050    1.409404476    1.385242082
   14.674968280    1.352836703    1.406712908    1.382700606
   14.725050083    1.350523148    1.404047577    1.380184000
   14.775131886    1.348232092    1.401408146    1.377691944
   14.825213689    1.345963246    1.398794282    1.375224122
   14.875295492    1.343716325    1.396205658    1.372780221
   14.925377295    1.341491050    1.393641954    1.370359938
   14.975459098    1.339287146    1.391102851    1.367962969
   15.025540902    1.337104342    1.388588039    1.365589019
   15.075622705    1.334942371    1.386097210    1.363237796
   15.125704508    1.332800970    1.383630063    1.360909012
   15.175786311    1.330679881    1.381186301    1.358602385
   15.225868114    1.328578849    1.378765631    1.356317637
   15.275949917    1.326497625    1.376367765    1.354054494
   15.326031720    1.324435962    1.373992419    1.351812685
   15.376113523    1.322393616    1.371639314    1.349591946
   15.426195326    1.320370349    1.369308175    1.347392014
   15.476277129    1.318365926    1.366998731    1.345212633
   15.526358932    1.316380114    1.364710716    1.343053549
   15.576440735    1.314412685    1.362443868    1.340914512
   15.626522538    1.312463415    1.360197926    1.338795276
   15.676604341    1.310532083    1.357972638    1.336695600
   15.726686144    1.308618469    1.355767752    1.334615244
   15.776767947    1.306722360    1.353583021    1.332553975
   15.826849750    1.304843544    1.351418202    1.330511561
   15.876931553    1.302981813    1.349273055    1.328487773
   15.927013356    1.301136961    1.347147344    1.326482388
   15.977095159    1.299308787    1.345040837    1.324495185
   16.027176962    1.297497090    1.342953304    1.322525945
   16.077258765    1.295701676    1.340884519    1.320574454
   16.127340568    1.293922350    1.338834260    1.318640502
   16.177422371    1.292158922    1.336802309    1.316723879
   16.227504174    1.290411204    1.334788448    1.314824380
   16.277585977    1.288679012    1.332792465    1.312941804
   16.327667780    1.286962163    1.330814152    1.311075951
   16.377749583    1.285260477    1.328853299    1.309226625
   16.427831386    1.283573779    1.326909706    1.307393632
   16.477913189    1.281901892    1.324983170    1.305576782
   16.527994992    1.280244646    1.323073493    1.303775886
   16.578076795    1.278601870    1.321180482    1.301990760
   16.628158598    1.276973399    1.319303943    1.300221222
   16.678240401    1.275359067    1.317443687    1.298467091
   16.728322204    1.273758712    1.315599528    1.296728190
   16.778404007    1.272172174    1.313771281    1.295004344
   16.828485810    1.270599295    1.311958766    1.293295381
   16.878567613    1.269039921    1.310161802    1.291601131
   16.928649416    1.267493897    1.308380214    1.289921426
   16.978731219    1.265961073    1.306613829    1.288256102
   17.028813022    1.264441299    1.304862474    1.286604996
   17.078894825    1.262934429    1.303125980    1.284967948
   17.128976628    1.261440318    1.301404181    1.283344798
   17.179058431    1.259958823    1.299696912    1.281735391
   17.229140234    1.258489804    1.298004012    1.280139574
   17.279222037    1.257033121    1.296325320    1.278557194
   17.329303840    1.255588637    1.294660678    1.276988102
   17.379385643    1.254156218    1.293009933    1.275432150
   17.429467446    1.252735730    1.291372929    1.273889194
   17.479549249    1.251327041    1.289749516    1.272359088
   17.529631052    1.249930022    1.288139544    1.270841692
   17.579712855    1.248544546    1.286542867    1.269336867
   17.629794658    1.247170486    1.284959340    1.267844474
   17.679876461    1.245807718    1.283388818    1.266364377
   17.729958264    1.244456119    1.281831161    1.264896443
   17.780040067    1.243115567    1.280286230    1.263440540
   17.830121870    1.241785945    1.278753887    1.261996536
   17.880203673    1.240467133    1.277233997    1.260564304
   17.930285476    1.239159015    1.275726425    1.259143716
   17.980367279    1.237861478    1.274231039    1.257734648
   18.030449082    1.236574406    1.272747710    1.256336975
   18.080530885    1.235297690    1.271276309    1.254950575
   18.130612688    1.234031219    1.269816709    1.253575330
   18.180694491    1.232774884    1.268368784    1.252211119
   18.230776294    1.231528577    1.266932412    1.250857825
   18.280858097    1.230292193    1.265507470    1.249515334
   18.330939900    1.229065627    1.264093838    1.248183530
   18.381021703    1.227848777    1.262691397    1.246862302
   18.431103506    1.226641540    1.261300031    1.245551538
   18.481185309    1.225443815    1.259919623    1.244251128
   18.531267112    1.224255505    1.258550059    1.242960965
   18.581348915    1.223076510    1.257191227    1.241680942
   18.631430718    1.221906735    1.255843015    1.240410952
   18.681512521    1.220746083    1.254505313    1.239150892
   18.731594324    1.219594461    1.253178014    1.237900660
   18.781676127    1.218451776    1.251861010    1.236660154
   18.831757930    1.217317935    1.250554195    1.235429273
   18.881839733    1.216192849    1.249257466    1.234207919
   18.931921536    1.215076428    1.247970719    1.232995994
   18.982003339    1.213968583    1.246693852    1.231793402
   19.032085142    1.212869228    1.245426765    1.230600048
   19.082166945    1.211778277    1.244169360    1.229415838
   19.132248748    1.210695643    1.242921537    1.228240678
   19.182330551    1.209621244    1.241683201    1.227074479
   19.232412354    1.208554997    1.240454257    1.225917148
   19.282494157    1.207496819    1.239234609    1.224768598
   19.332575960    1.206446630    1.238024164    1.223628739
   19.382657763    1.205404350    1.236822832    1.222497484
   19.432739566    1.204369900    1.235630521    1.221374749
   19.482821369    1.203343202    1.234447141    1.220260446
   19.532903172    1.202324180    1.233272604    1.219154494
   19.582984975    1.201312757    1.232106823    1.218056809
   19.633066778    1.200308859    1.230949710    1.216967309
   19.683148581    1.199312411    1.229801182    1.215885913
   19.733230384    1.198323340    1.228661152    1.214812542
   19.783312187    1.197341574    1.227529539    1.213747116
   19.833393990    1.196367042    1.226406260    1.212689559
   19.883475793    1.195399672    1.225291234    1.211639792
   19.933557596    1.194439396    1.224184380    1.210597740
   19.983639399    1.193486143    1.223085620    1.209563328
   20.033721202    1.192539848    1.221994874    1.208536482
   20.083803005    1.191600441    1.220912066    1.207517128
   20.133884808    1.190667857    1.219837118    1.206505194
   20.183966611    1.189742030    1.218769956    1.205500608
   20.234048414    1.188822895    1.217710505    1.204503300
   20.284130217    1.187910389    1.216658691    1.203513200
   20.334212020    1.187004447    1.215614441    1.202530239
   20.384293823    1.186105008    1.214577684    1.201554349
   20.434375626    1.185212009    1.213548347    1.200585463
   20.484457429    1.184325390    1.212526361    1.199623513
   20.534539232    1.183445090    1.211511656    1.198668434
   20.584621035    1.182571050    1.210504163    1.197720161
   20.634702838    1.181703210    1.209503815    1.196778631
   20.684784641    1.180841513    1.208510544    1.195843778
   20.734866444    1.179985900    1.207524285    1.194915541
   20.784948247    1.179136315    1.206544971    1.193993858
   20.835030050    1.178292702    1.205572538    1.193078667
   20.885111853    1.177455005    1.204606922    1.192169908
   20.935193656    1.176623169    1.203648060    1.191267520
   20.985275459    1.175797139    1.202695888    1.190371445
   21.035357262    1.174976863    1.201750346    1.189481625
   21.085439065    1.174162287    1.200811372    1.188598000
   21.135520868    1.173353358    1.199878905    1.187720515
   21.185602671    1.172550025    1.198952887    1.186849112
   21.235684474    1.171752236    1.198033257    1.185983737
   21.285766277    1.170959941    1.197119958    1.185124332
   21.335848080    1.170173090    1.196212931    1.184270845
   21.385929883    1.169391633    1.195312120    1.183423221
   21.436011686    1.168615521    1.194417469    1.182581406
   21.486093489    1.167844705    1.193528921    1.181745348
   21.536175292    1.167079139    1.192646421    1.180914995
   21.586257095    1.166318773    1.191769915    1.180090295
   21.636338898    1.165563563    1.190899349    1.179271197
   21.686420701    1.164813460    1.190034669    1.178457651
   21.736502504    1.164068421    1.189175824    1.177649607
   21.786584307    1.163328398    1.188322760    1.176847015
   21.836666110    1.162593348    1.187475426    1.176049827
   21.886747913    1.161863226    1.186633771    1.175257994
   21.936829716    1.161137989    1.185797745    1.174471469
   21.986911519    1.160417593    1.184967298    1.173690205
   22.036993322    1.159701995    1.184142380    1.172914155
   22.087075125    1.158991153    1.183322944    1.172143273
   22.137156928    1.158285026    1.182508939    1.171377514
   22.187238731    1.157583571    1.181700320    1.170616831
   22.237320534    1.156886747    1.180897038    1.169861181
   22.287402337    1.156194515    1.180099047    1.169110520
   22.337484140    1.155506834    1.179306300    1.168364804
   22.387565943    1.154823665    1.178518753    1.167623989
   22.437647746    1.154144968    1.177736359    1.166888033
   22.487729549    1.153470704    1.176959075    1.166156894
   22.537811352    1.152800835    1.176186856    1.165430530
   22.587893155    1.152135323    1.175419658    1.164708899
   22.637974958    1.151474131    1.174657438    1.163991961
   22.688056761    1.150817221    1.173900153    1.163279676
   22.738138564    1.150164557    1.173147761    1.162572002
   22.788220367    1.149516103    1.172400220    1.161868901
   22.838302170    1.148871821    1.171657489    1.161170334
   22.888383973    1.148231677    1.170919525    1.160476261
   22.938465776    1.147595636    1.170186290    1.159786645
   22.988547579    1.146963662    1.169457743    1.159101447
   23.038629382    1.146335721    1.168733844    1.158420630
   23.088711185    1.145711780    1.168014553    1.157744157
   23.138792988    1.145091803    1.167299832    1.157071991
   23.188874791    1.144475759    1.166589643    1.156404096
   23.238956594    1.143863613    1.165883947    1.155740435
   23.289038397    1.143255333    1.165182706    1.155080973
   23.339120200    1.142650888    1.164485884    1.154425676
   23.389202003    1.142050243    1.163793444    1.153774507
   23.439283806    1.141453369    1.163105348    1.153127433
   23.489365609    1.140860234    1.162421561    1.152484419
   23.539447412    1.140270806    1.161742047    1.151845432
   23.589529215    1.139685055    1.161066771    1.151210438
   23.639611018    1.139102950    1.160395697    1.150579404
   23.689692821    1.138524462    1.159728792    1.149952297
   23.739774624    1.137949561    1.159066019    1.149329085
   23.789856427    1.137378216    1.158407347    1.148709736
   23.839938230    1.136810400    1.157752740    1.148094218
   23.890020033    1.136246082    1.157102167    1.147482500
   23.940101836    1.135685235    1.156455593    1.146874550
   23.990183639    1.135127830    1.155812986    1.146270338
   24.040265442    1.134573840    1.155174314    1.145669833
   24.090347245    1.134023235    1.154539545    1.145073006
   24.140429048    1.133475990    1.153908648    1.144479826
   24.190510851    1.132932077    1.153281591    1.143890263
   24.240592654    1.132391468    1.152658343    1.143304289
   24.290674457    1.131854138    1.152038873    1.142721874
   24.340756260    1.131320059    1.151423151    1.142142990
   24.390838063    1.130789207    1.150811147    1.141567608
   24.440919866    1.130261554    1.150202832    1.140995701
   24.491001669    1.129737076    1.149598175    1.140427240
   24.541083472    1.129215747    1.148997147    1.139862198
   24.591165275    1.128697542    1.148399721    1.139300548
   24.641247078    1.128182437    1.147805866    1.138742262
   24.691328881    1.127670405    1.147215555    1.138187315
   24.741410684    1.127161424    1.146628760    1.137635678
   24.791492487    1.126655470    1.146045453    1.137087327
   24.841574290    1.126152517    1.145465606    1.136542235
   24.891656093    1.125652544    1.144889193    1.136000377
   24.941737896    1.125155525    1.144316186    1.135461727
   24.991819699    1.124661439    1.143746558    1.134926260
   25.041901503    1.124170262    1.143180283    1.134393950
   25.091983306    1.123681971    1.142617336    1.133864774
   25.142065109    1.123196545    1.142057689    1.133338707
   25.192146912    1.122713960    1.141501318    1.132815725
   25.242228715    1.122234194    1.140948197    1.132295803
   25.292310518    1.121757227    1.140398300    1.131778917
   25.342392321    1.121283035    1.139851604    1.131265045
   25.392474124    1.120811599    1.139308082    1.130754163
   25.442555927    1.120342895    1.138767711    1.130246248
   25.492637730    1.119876905    1.138230467    1.129741277
   25.542719533    1.119413605    1.137696325    1.129239227
   25.592801336    1.118952977    1.137165262    1.128740077
   25.642883139    1.118495000    1.136637254    1.128243803
   25.692964942    1.118039653    1.136112278    1.127750384
   25.743046745    1.117586916    1.135590310    1.127259797
   25.793128548    1.117136769    1.135071329    1.126772023
   25.843210351    1.116689194    1.134555310    1.126287038
   25.893292154    1.116244169    1.134042233    1.125804822
   25.943373957    1.115801677    1.133532074    1.125325354
   25.993455760    1.115361698    1.133024812    1.124848613
   26.043537563    1.114924213    1.132520424    1.124374578
   26.093619366    1.114489203    1.132018890    1.123903230
   26.143701169    1.114056649    1.131520187    1.123434547
   26.193782972    1.113626534    1.131024294    1.122968511
   26.243864775    1.113198839    1.130531191    1.122505100
   26.293946578    1.112773546    1.130040857    1.122044296
   26.344028381    1.112350637    1.129553271    1.121586079
   26.394110184    1.111930094    1.129068413    1.121130430
   26.444191987    1.111511900    1.128586261    1.120677329
   26.494273790    1.111096037    1.128106798    1.120226758
   26.544355593    1.110682489    1.127630001    1.119778698
   26.594437396    1.110271237    1.127155853    1.119333130
   26.644519199    1.109862266    1.126684332    1.118890037
   26.694601002    1.109455558    1.126215421    1.118449399
   26.744682805    1.109051096    1.125749099    1.118011199
   26.794764608    1.108648865    1.125285348    1.117575418
   26.844846411    1.108248848    1.124824149    1.117142040
   26.894928214    1.107851028    1.124365484    1.116711046
   26.945010017    1.107455391    1.123909333    1.116282419
   26.995091820    1.107061919    1.123455679    1.115856143
   27.045173623    1.106670597    1.123004503    1.115432198
   27.095255426    1.106281410    1.122555788    1.115010570
   27.145337229    1.105894342    1.122109516    1.114591241
   27.195419032    1.105509377    1.121665668    1.114174194
   27.245500835    1.105126502    1.121224229    1.113759413
   27.295582638    1.104745699    1.120785179    1.113346881
   27.345664441    1.104366956    1.120348502    1.112936583
   27.395746244    1.103990256    1.119914182    1.112528502
   27.445828047    1.103615586    1.119482201    1.112122622
   27.495909850    1.103242930    1.119052542    1.111718928
   27.545991653    1.102872275    1.118625189    1.111317404
   27.596073456    1.102503606    1.118200126    1.110918035
   27.646155259    1.102136909    1.117777335    1.110520804
   27.696237062    1.101772169    1.117356802    1.110125698
   27.746318865    1.101409374    1.116938510    1.109732700
   27.796400668    1.101048510    1.116522443    1.109341797
   27.846482471    1.100689562    1.116108586    1.108952972
   27.896564274    1.100332517    1.115696922    1.108566212
   27.946646077    1.099977362    1.115287437    1.108181502
   27.996727880    1.099624084    1.114880115    1.107798828
   28.046809683    1.099272669    1.114474942    1.107418174
   28.096891486    1.098923104    1.114071901    1.107039528
   28.146973289    1.098575377    1.113670978    1.106662875
   28.197055092    1.098229475    1.113272159    1.106288200
   28.247136895    1.097885384    1.112875428    1.105915491
   28.297218698    1.097543093    1.112480772    1.105544733
   28.347300501    1.097202588    1.112088175    1.105175914
   28.397382304    1.096863858    1.111697624    1.104809018
   28.447464107    1.096526890    1.111309104    1.104444034
   28.497545910    1.096191672    1.110922602    1.104080948
   28.547627713    1.095858192    1.110538102    1.103719747
   28.597709516    1.095526438    1.110155593    1.103360418
   28.647791319    1.095196398    1.109775060    1.103002948
   28.697873122    1.094868060    1.109396489    1.102647324
   28.747954925    1.094541413    1.109019867    1.102293533
   28.798036728    1.094216445    1.108645180    1.101941564
   28.848118531    1.093893145    1.108272416    1.101591403
   28.898200334    1.093571501    1.107901562    1.101243039
   28.948282137    1.093251503    1.107532604    1.100896458
   28.998363940    1.092933138    1.107165529    1.100551649
   29.048445743    1.092616396    1.106800326    1.100208600
   29.098527546    1.092301265    1.106436980    1.099867299
   29.148609349    1.091987736    1.106075480    1.099527734
   29.198691152    1.091675797    1.105715813    1.099189894
   29.248772955    1.091365437    1.105357967    1.098853766
   29.298854758    1.091056646    1.105001929    1.098519339
   29.348936561    1.090749414    1.104647688    1.098186602
   29.399018364    1.090443729    1.104295231    1.097855544
   29.449100167    1.090139582    1.103944546    1.097526153
   29.499181970    1.089836962    1.103595622    1.097198418
   29.549263773    1.089535859    1.103248447    1.096872327
   29.599345576    1.089236263    1.102903010    1.096547871
   29.649427379    1.088938164    1.102559298    1.096225038
   29.699509182    1.088641551    1.102217300    1.095903818
   29.749590985    1.088346417    1.101877005    1.095584199
   29.799672788    1.088052749    1.101538402    1.095266171
   29.849754591    1.087760539    1.101201479    1.094949723
   29.899836394    1.087469778    1.100866225    1.094634846
   29.949918197    1.087180454    1.100532630    1.094321529
   30.000000000    1.086892560    1.100200683    1.094009761
