# energy grid [eV]     epsi_x  epsi_y  epsi_z
#
    0.001000000 1566.804865958 1098.275171446 1129.306691417
    0.051081803  294.375450447  224.751875071  487.931015011
    0.101163606  206.532945801  179.189537146  370.629162746
    0.151245409  189.329964529  188.342675941  318.435419839
    0.201327212  181.093588475  195.630685731  266.506248731
    0.251409015  139.797628799  157.091279414  237.276621151
    0.301490818   98.187652824  113.162169821  204.229774729
    0.351572621   75.103105195   88.037617611  160.956941128
    0.401654424   65.402283097   75.249040897  128.919170851
    0.451736227   57.499302783   66.196959521  101.693982729
    0.501818030   48.201460532   56.678002366   87.640843660
    0.551899833   41.679013576   50.690957311   84.112865578
    0.601981636   40.202806229   49.672842743   84.693126575
    0.652063439   38.972225342   48.660156694   82.802357915
    0.702145242   37.491312455   47.617125766   71.476107928
    0.752227045   35.518125418   45.958755090   57.315725623
    0.802308848   33.871666070   43.710853992   45.749208103
    0.852390651   32.944306552   42.951390186   38.591236972
    0.902472454   33.853207666   43.989590563   34.089353770
    0.952554257   33.523274643   43.252838291   28.656859092
    1.002636060   30.760477212   39.898142084   23.038995693
    1.052717863   29.614767293   37.370396441   19.909085169
    1.102799666   29.839085446   36.011964978   18.327456746
    1.152881469   29.417604610   34.544074818   17.959466257
    1.202963272   27.274999690   31.794364006   18.424285247
    1.253045075   25.500371454   29.662800746   20.102935845
    1.303126878   24.409214453   28.664182885   21.172349085
    1.353208681   23.116903840   27.115925097   19.793104570
    1.403290484   22.146479478   25.965597565   18.568180731
    1.453372287   21.676852860   25.244760064   17.867543506
    1.503454090   21.907093204   25.227013752   17.146257124
    1.553535893   23.038281334   26.360996426   16.165031976
    1.603617696   25.209687824   27.124546714   15.416603341
    1.653699499   26.642065492   27.136535545   14.506333608
    1.703781302   24.539488036   25.880541734   13.237471628
    1.753863105   21.067125957   23.364474773   12.502258980
    1.803944908   18.413522161   21.299304993   12.414537865
    1.854026711   16.867203846   19.465449507   12.405302196
    1.904108514   16.231576385   18.003212046   12.387707541
    1.954190317   15.989148015   17.692187520   12.811277077
    2.004272120   15.598625065   18.277814179   13.532022208
    2.054353923   14.974358511   18.547799019   14.543722497
    2.104435726   13.913401598   17.665854868   14.907267422
    2.154517529   12.631258979   16.086469279   14.384646376
    2.204599332   11.801473523   14.815849195   13.643561175
    2.254681135   12.080862914   14.689731559   12.498475589
    2.304762938   12.911643895   15.175553617   11.511787736
    2.354844741   12.944433357   14.956174856   11.092735271
    2.404926544   12.143253372   13.992729167   11.587603782
    2.455008347   11.285480714   13.307838497   11.636303204
    2.505090150   10.734956403   12.814630439   10.484623368
    2.555171953   10.161022243   11.958090955    9.529540947
    2.605253756    9.480435358   10.923214738    9.408651796
    2.655335559    8.786006486   10.073695177   10.231632278
    2.705417362    8.120987277    9.245118309   11.775886359
    2.755499165    7.695017875    9.029695931   12.148487888
    2.805580968    7.410885370    9.248093993   10.534320664
    2.855662771    7.045436085    9.288745553    9.199110426
    2.905744574    6.792891903    8.969028366    8.539796568
    2.955826377    6.642677305    8.450476880    8.558391809
    3.005908180    6.754099895    8.043473070    9.177842040
    3.055989983    6.975021679    7.859030779   10.296030194
    3.106071786    6.977744300    7.839896506   11.584384507
    3.156153589    6.777681123    7.782249178   13.047378855
    3.206235392    6.526730827    7.435109455   13.642536295
    3.256317195    6.187318451    7.073114520   13.891194678
    3.306398998    5.862201989    6.783327201   13.511377774
    3.356480801    5.604762819    6.558664328   12.131155747
    3.406562604    5.594146580    6.410389119   10.358204113
    3.456644407    5.818340682    6.348101166    8.996937849
    3.506726210    5.807653918    6.055846237    7.965582769
    3.556808013    4.896483207    5.132819414    6.894791211
    3.606889816    3.947561441    4.187064484    5.952126831
    3.656971619    3.275335707    3.394640760    5.359073072
    3.707053422    2.683442039    2.705011419    5.206687346
    3.757135225    2.275685412    2.249844130    5.324476995
    3.807217028    2.036541147    1.975915331    4.933633257
    3.857298831    1.884543731    1.786407170    4.319993014
    3.907380634    1.764071493    1.651622770    3.803299576
    3.957462437    1.653032794    1.582346000    3.295193744
    4.007544240    1.598359017    1.597252366    2.860647041
    4.057626043    1.565986236    1.683114975    2.537892927
    4.107707846    1.523845197    1.783900993    2.276582199
    4.157789649    1.551269978    1.826316909    2.094149821
    4.207871452    1.512671525    1.691786952    1.967155233
    4.257953255    1.441663288    1.552268866    1.835978128
    4.308035058    1.467853093    1.555729875    1.684210305
    4.358116861    1.665592444    1.747203150    1.491936919
    4.408198664    1.962152366    2.051784524    1.225912216
    4.458280467    1.999009888    2.101444018    1.067260216
    4.508362270    1.946090916    2.058957560    1.024960019
    4.558444073    1.880828823    2.011435839    1.049301964
    4.608525876    1.820316800    2.019460382    1.183266471
    4.658607679    1.828043639    2.133270398    1.382894580
    4.708689482    1.858631819    2.266287781    1.581013518
    4.758771285    1.939891737    2.416400561    1.626739254
    4.808853088    2.118838042    2.639324039    1.556929468
    4.858934891    2.164297817    2.747516641    1.517386108
    4.909016694    2.152802396    2.856812493    1.504409871
    4.959098497    2.207019787    3.068707614    1.440377233
    5.009180301    2.310204506    3.441926514    1.335829811
    5.059262104    2.503205947    3.886172016    1.170190344
    5.109343907    2.565779686    3.870727745    0.980493131
    5.159425710    2.417736509    3.520968206    0.892107760
    5.209507513    2.267454568    3.208740981    0.871016418
    5.259589316    2.270495125    3.006645945    0.862035966
    5.309671119    2.383690545    2.743040811    0.839502163
    5.359752922    2.282567482    2.261613933    0.824318269
    5.409834725    2.066132152    1.891667808    0.830388718
    5.459916528    1.834160506    1.663105985    0.841182399
    5.509998331    1.526857996    1.465217346    0.884768030
    5.560080134    1.305607667    1.344992430    0.963141703
    5.610161937    1.158961461    1.207665189    1.009585960
    5.660243740    1.070139250    1.064016807    0.925714677
    5.710325543    1.012766666    0.990861973    0.828541941
    5.760407346    0.937086302    0.952401012    0.722576452
    5.810489149    0.875816754    0.940097198    0.636940938
    5.860570952    0.821563807    0.922532226    0.595919021
    5.910652755    0.758348993    0.889708207    0.583885035
    5.960734558    0.683606808    0.817656794    0.586320527
    6.010816361    0.598360928    0.738788973    0.575246794
    6.060898164    0.532430550    0.703171247    0.538803867
    6.110979967    0.490611285    0.683096164    0.493192913
    6.161061770    0.458518719    0.645882192    0.465717072
    6.211143573    0.414011596    0.545333515    0.450180339
    6.261225376    0.376390871    0.457633629    0.409120308
    6.311307179    0.346199618    0.407376335    0.336560416
    6.361388982    0.330525986    0.375336320    0.290050633
    6.411470785    0.330195498    0.358103687    0.281773870
    6.461552588    0.338804528    0.356597826    0.296638445
    6.511634391    0.334507139    0.352515002    0.283642526
    6.561716194    0.317885827    0.337751070    0.248843051
    6.611797997    0.305282238    0.317580084    0.220248197
    6.661879800    0.303656793    0.303184706    0.212912726
    6.711961603    0.307457748    0.294190248    0.220585605
    6.762043406    0.307948735    0.287202803    0.233585513
    6.812125209    0.296637536    0.285887243    0.237704795
    6.862207012    0.261861442    0.273097104    0.212788707
    6.912288815    0.229385234    0.243293886    0.183271269
    6.962370618    0.196361286    0.209468057    0.158083521
    7.012452421    0.171172407    0.191990675    0.140955166
    7.062534224    0.150656781    0.187355534    0.133807549
    7.112616027    0.133363226    0.181040071    0.129919052
    7.162697830    0.117842915    0.162636349    0.118460986
    7.212779633    0.105646323    0.141875483    0.099722711
    7.262861436    0.098638939    0.129305912    0.084379613
    7.312943239    0.093752988    0.121437949    0.072748915
    7.363025042    0.087571206    0.112353543    0.064346267
    7.413106845    0.077605019    0.099071517    0.058625476
    7.463188648    0.070091896    0.088117769    0.054626838
    7.513270451    0.066592398    0.081424517    0.051581010
    7.563352254    0.066144892    0.076879960    0.049095538
    7.613434057    0.064850526    0.071331910    0.046991160
    7.663515860    0.057385316    0.063146638    0.045158272
    7.713597663    0.049781311    0.056153891    0.043524563
    7.763679466    0.045121950    0.051683348    0.042043686
    7.813761269    0.042127396    0.048605040    0.040684816
    7.863843072    0.039933867    0.046236908    0.039426438
    7.913924875    0.038171348    0.044276796    0.038252848
    7.964006678    0.036671921    0.042580085    0.037152168
    8.014088481    0.035350337    0.041069297    0.036115149
    8.064170284    0.034158621    0.039698646    0.035134422
    8.114252087    0.033067349    0.038438850    0.034203992
    8.164333890    0.032057162    0.037269963    0.033318906
    8.214415693    0.031114574    0.036177695    0.032475004
    8.264497496    0.030229741    0.035151381    0.031668752
    8.314579299    0.029395197    0.034182794    0.030897113
    8.364661102    0.028605099    0.033265406    0.030157448
    8.414742905    0.027854754    0.032393924    0.029447447
    8.464824708    0.027140308    0.031563969    0.028765073
    8.514906511    0.026458541    0.030771857    0.028108510
    8.564988314    0.025806718    0.030014451    0.027476139
    8.615070117    0.025182489    0.029289044    0.026866500
    8.665151920    0.024583807    0.028593273    0.026278273
    8.715233723    0.024008878    0.027925065    0.025710258
    8.765315526    0.023456111    0.027282577    0.025161363
    8.815397329    0.022924088    0.026664168    0.024630584
    8.865479132    0.022411536    0.026068361    0.024117001
    8.915560935    0.021917305    0.025493823    0.023619763
    8.965642738    0.021440352    0.024939344    0.023138085
    9.015724541    0.020979726    0.024403821    0.022671238
    9.065806344    0.020534558    0.023886244    0.022218543
    9.115888147    0.020104047    0.023385686    0.021779369
    9.165969950    0.019687458    0.022901292    0.021353125
    9.216051753    0.019284109    0.022432270    0.020939260
    9.266133556    0.018893370    0.021977890    0.020537256
    9.316215359    0.018514653    0.021537469    0.020146625
    9.366297162    0.018147413    0.021110374    0.019766912
    9.416378965    0.017791139    0.020696012    0.019397683
    9.466460768    0.017445355    0.020293831    0.019038533
    9.516542571    0.017109613    0.019903311    0.018689077
    9.566624374    0.016783495    0.019523965    0.018348951
    9.616706177    0.016466607    0.019155336    0.018017812
    9.666787980    0.016158577    0.018796993    0.017695334
    9.716869783    0.015859056    0.018448530    0.017381206
    9.766951586    0.015567713    0.018109563    0.017075135
    9.817033389    0.015284237    0.017779729    0.016776841
    9.867115192    0.015008332    0.017458687    0.016486058
    9.917196995    0.014739720    0.017146111    0.016202533
    9.967278798    0.014478136    0.016841694    0.015926026
   10.017360601    0.014223328    0.016545143    0.015656306
   10.067442404    0.013975059    0.016256182    0.015393154
   10.117524207    0.013733102    0.015974548    0.015136362
   10.167606010    0.013497242    0.015699989    0.014885729
   10.217687813    0.013267275    0.015432269    0.014641066
   10.267769616    0.013043007    0.015171159    0.014402190
   10.317851419    0.012824251    0.014916446    0.014168927
   10.367933222    0.012610833    0.014667923    0.013941112
   10.418015025    0.012402585    0.014425394    0.013718587
   10.468096828    0.012199348    0.014188675    0.013501199
   10.518178631    0.012000971    0.013957588    0.013288805
   10.568260434    0.011807309    0.013731964    0.013081268
   10.618342237    0.011618228    0.013511645    0.012878456
   10.668424040    0.011433598    0.013296477    0.012680245
   10.718505843    0.011253296    0.013086319    0.012486517
   10.768587646    0.011077210    0.012881033    0.012297159
   10.818669449    0.010905232    0.012680494    0.012112068
   10.868751252    0.010737261    0.012484583    0.011931143
   10.918833055    0.010573207    0.012293189    0.011754293
   10.968914858    0.010412985    0.012106210    0.011581434
   11.018996661    0.010256523    0.011923558    0.011412487
   11.069078464    0.010103756    0.011745151    0.011247386
   11.119160267    0.009954632    0.011570923    0.011086072
   11.169242070    0.009809115    0.011400823    0.010928499
   11.219323873    0.009667183    0.011234817    0.010774635
   11.269405676    0.009528840    0.011072896    0.010624468
   11.319487479    0.009394115    0.010915081    0.010478008
   11.369569282    0.009263079    0.010761436    0.010335305
   11.419651085    0.009135855    0.010612079    0.010196454
   11.469732888    0.009012646    0.010467217    0.010061633
   11.519814691    0.008893774    0.010327179    0.009931144
   11.569896494    0.008779749    0.010192500    0.009805510
   11.619978297    0.008671395    0.010064049    0.009685659
   11.670060100    0.008570091    0.009943295    0.009573335
   11.720141903    0.008478281    0.009832850    0.009472079
   11.770223706    0.008400623    0.009737719    0.009389782
   11.820305509    0.008346878    0.009668410    0.009345079
   11.870387312    0.008339433    0.009649086    0.009369170
   11.920469115    0.008426146    0.009731903    0.009418451
   11.970550918    0.008618572    0.009933512    0.009387036
   12.020632721    0.008739419    0.010048012    0.009272865
   12.070714524    0.008730428    0.010015733    0.009118441
   12.120796327    0.008648447    0.009920014    0.008960891
   12.170878130    0.008639767    0.009875551    0.008800486
   12.220959933    0.008698460    0.009924481    0.008660594
   12.271041736    0.008868397    0.010061852    0.008534544
   12.321123539    0.009321941    0.010514098    0.008446993
   12.371205342    0.009633526    0.010802994    0.008397556
   12.421287145    0.009517570    0.010631260    0.008406698
   12.471368948    0.009335623    0.010405387    0.008494192
   12.521450751    0.009140509    0.010153249    0.008666643
   12.571532554    0.008988418    0.009956887    0.008828451
   12.621614357    0.008880267    0.009800485    0.008897165
   12.671696160    0.008742274    0.009621405    0.008902356
   12.721777963    0.008701525    0.009537873    0.008961998
   12.771859766    0.008554993    0.009371411    0.009218521
   12.821941569    0.008440220    0.009244318    0.009665259
   12.872023372    0.008387554    0.009194999    0.010321702
   12.922105175    0.008290092    0.009103445    0.011147148
   12.972186978    0.008194609    0.008993649    0.012067490
   13.022268781    0.008159674    0.008906877    0.012930799
   13.072350584    0.008163296    0.008880989    0.013886857
   13.122432387    0.008208715    0.008895456    0.015148577
   13.172514190    0.008446318    0.009064829    0.016784203
   13.222595993    0.008957477    0.009443439    0.019047238
   13.272677796    0.009804585    0.010067651    0.021527182
   13.322759599    0.010916943    0.010723308    0.022768207
   13.372841402    0.012118858    0.011111154    0.022771748
   13.422923205    0.012772611    0.011052117    0.024674674
   13.473005008    0.012055412    0.010553373    0.028438610
   13.523086811    0.011435091    0.010217854    0.027937336
   13.573168614    0.010913300    0.010009718    0.024570602
   13.623250417    0.010851375    0.009819333    0.021995380
   13.673332220    0.011067265    0.009526307    0.020094791
   13.723414023    0.010882066    0.009037584    0.018334227
   13.773495826    0.010205525    0.008568923    0.016459354
   13.823577629    0.009659352    0.008347496    0.014259956
   13.873659432    0.009324678    0.008455522    0.012497543
   13.923741235    0.008889325    0.008651722    0.011585986
   13.973823038    0.008236324    0.008481340    0.011256597
   14.023904841    0.007336468    0.007701617    0.011238607
   14.073986644    0.006534637    0.006961829    0.011116209
   14.124068447    0.005926346    0.006459216    0.010593183
   14.174150250    0.005454244    0.006112749    0.010489563
   14.224232053    0.005146823    0.005883420    0.010610611
   14.274313856    0.004942685    0.005717647    0.009613654
   14.324395659    0.004792731    0.005575391    0.007806234
   14.374477462    0.004667482    0.005436988    0.006664480
   14.424559265    0.004554740    0.005286626    0.006051372
   14.474641068    0.004452733    0.005138774    0.005681388
   14.524722871    0.004363226    0.005023918    0.005430735
   14.574804674    0.004286792    0.004933794    0.005245592
   14.624886477    0.004218887    0.004856820    0.005099158
   14.674968280    0.004156579    0.004787441    0.004977368
   14.725050083    0.004098304    0.004723021    0.004872310
   14.775131886    0.004043147    0.004662158    0.004779214
   14.825213689    0.003990513    0.004604031    0.004695031
   14.875295492    0.003939988    0.004548115    0.004617722
   14.925377295    0.003891269    0.004494052    0.004545866
   14.975459098    0.003844128    0.004441587    0.004478442
   15.025540902    0.003798386    0.004390531    0.004414694
   15.075622705    0.003753901    0.004340739    0.004354052
   15.125704508    0.003710557    0.004292098    0.004296074
   15.175786311    0.003668261    0.004244515    0.004240412
   15.225868114    0.003626932    0.004197915    0.004186789
   15.275949917    0.003586504    0.004152235    0.004134981
   15.326031720    0.003546919    0.004107422    0.004084802
   15.376113523    0.003508127    0.004063431    0.004036099
   15.426195326    0.003470087    0.004020222    0.003988743
   15.476277129    0.003432760    0.003977760    0.003942625
   15.526358932    0.003396112    0.003936015    0.003897652
   15.576440735    0.003360114    0.003894958    0.003853744
   15.626522538    0.003324739    0.003854565    0.003810830
   15.676604341    0.003289962    0.003814814    0.003768850
   15.726686144    0.003255762    0.003775685    0.003727750
   15.776767947    0.003222119    0.003737157    0.003687482
   15.826849750    0.003189013    0.003699214    0.003648003
   15.876931553    0.003156429    0.003661839    0.003609277
   15.927013356    0.003124349    0.003625017    0.003571268
   15.977095159    0.003092761    0.003588734    0.003533946
   16.027176962    0.003061649    0.003552977    0.003497282
   16.077258765    0.003031000    0.003517732    0.003461250
   16.127340568    0.003000804    0.003482989    0.003425827
   16.177422371    0.002971048    0.003448735    0.003390992
   16.227504174    0.002941722    0.003414959    0.003356723
   16.277585977    0.002912815    0.003381652    0.003323003
   16.327667780    0.002884317    0.003348803    0.003289815
   16.377749583    0.002856220    0.003316403    0.003257141
   16.427831386    0.002828514    0.003284442    0.003224967
   16.477913189    0.002801191    0.003252913    0.003193279
   16.527994992    0.002774243    0.003221806    0.003162063
   16.578076795    0.002747661    0.003191113    0.003131307
   16.628158598    0.002721440    0.003160827    0.003100998
   16.678240401    0.002695570    0.003130939    0.003071127
   16.728322204    0.002670046    0.003101443    0.003041681
   16.778404007    0.002644860    0.003072331    0.003012650
   16.828485810    0.002620006    0.003043596    0.002984026
   16.878567613    0.002595478    0.003015231    0.002955798
   16.928649416    0.002571270    0.002987231    0.002927958
   16.978731219    0.002547376    0.002959588    0.002900497
   17.028813022    0.002523789    0.002932296    0.002873407
   17.078894825    0.002500506    0.002905349    0.002846681
   17.128976628    0.002477519    0.002878742    0.002820310
   17.179058431    0.002454824    0.002852468    0.002794289
   17.229140234    0.002432416    0.002826522    0.002768608
   17.279222037    0.002410289    0.002800899    0.002743263
   17.329303840    0.002388440    0.002775593    0.002718246
   17.379385643    0.002366863    0.002750598    0.002693551
   17.429467446    0.002345553    0.002725911    0.002669172
   17.479549249    0.002324507    0.002701526    0.002645103
   17.529631052    0.002303720    0.002677437    0.002621338
   17.579712855    0.002283187    0.002653641    0.002597873
   17.629794658    0.002262904    0.002630133    0.002574701
   17.679876461    0.002242868    0.002606907    0.002551817
   17.729958264    0.002223074    0.002583960    0.002529216
   17.780040067    0.002203519    0.002561288    0.002506894
   17.830121870    0.002184198    0.002538885    0.002484846
   17.880203673    0.002165108    0.002516748    0.002463066
   17.930285476    0.002146245    0.002494873    0.002441550
   17.980367279    0.002127607    0.002473256    0.002420295
   18.030449082    0.002109188    0.002451892    0.002399295
   18.080530885    0.002090986    0.002430779    0.002378546
   18.130612688    0.002072998    0.002409911    0.002358045
   18.180694491    0.002055220    0.002389286    0.002337786
   18.230776294    0.002037649    0.002368900    0.002317768
   18.280858097    0.002020282    0.002348749    0.002297984
   18.330939900    0.002003116    0.002328829    0.002278433
   18.381021703    0.001986148    0.002309138    0.002259110
   18.431103506    0.001969374    0.002289672    0.002240011
   18.481185309    0.001952793    0.002270428    0.002221133
   18.531267112    0.001936400    0.002251402    0.002202473
   18.581348915    0.001920194    0.002232592    0.002184027
   18.631430718    0.001904172    0.002213993    0.002165792
   18.681512521    0.001888330    0.002195604    0.002147766
   18.731594324    0.001872667    0.002177420    0.002129943
   18.781676127    0.001857180    0.002159440    0.002112323
   18.831757930    0.001841866    0.002141660    0.002094901
   18.881839733    0.001826722    0.002124078    0.002077675
   18.931921536    0.001811747    0.002106690    0.002060642
   18.982003339    0.001796937    0.002089494    0.002043798
   19.032085142    0.001782291    0.002072487    0.002027142
   19.082166945    0.001767806    0.002055666    0.002010671
   19.132248748    0.001753480    0.002039030    0.001994381
   19.182330551    0.001739311    0.002022574    0.001978270
   19.232412354    0.001725296    0.002006298    0.001962336
   19.282494157    0.001711434    0.001990198    0.001946576
   19.332575960    0.001697722    0.001974272    0.001930988
   19.382657763    0.001684158    0.001958517    0.001915569
   19.432739566    0.001670740    0.001942932    0.001900317
   19.482821369    0.001657466    0.001927514    0.001885229
   19.532903172    0.001644334    0.001912260    0.001870304
   19.582984975    0.001631343    0.001897168    0.001855538
   19.633066778    0.001618490    0.001882237    0.001840931
   19.683148581    0.001605773    0.001867464    0.001826479
   19.733230384    0.001593191    0.001852847    0.001812180
   19.783312187    0.001580741    0.001838383    0.001798033
   19.833393990    0.001568423    0.001824071    0.001784034
   19.883475793    0.001556234    0.001809910    0.001770184
   19.933557596    0.001544172    0.001795896    0.001756478
   19.983639399    0.001532236    0.001782027    0.001742916
   20.033721202    0.001520424    0.001768303    0.001729495
   20.083803005    0.001508735    0.001754721    0.001716214
   20.133884808    0.001497166    0.001741279    0.001703070
   20.183966611    0.001485717    0.001727975    0.001690062
   20.234048414    0.001474386    0.001714808    0.001677188
   20.284130217    0.001463171    0.001701775    0.001664446
   20.334212020    0.001452071    0.001688876    0.001651835
   20.384293823    0.001441083    0.001676107    0.001639353
   20.434375626    0.001430208    0.001663469    0.001626998
   20.484457429    0.001419443    0.001650958    0.001614768
   20.534539232    0.001408787    0.001638574    0.001602662
   20.584621035    0.001398238    0.001626315    0.001590678
   20.634702838    0.001387795    0.001614178    0.001578816
   20.684784641    0.001377457    0.001602163    0.001567072
   20.734866444    0.001367223    0.001590268    0.001555446
   20.784948247    0.001357091    0.001578492    0.001543935
   20.835030050    0.001347060    0.001566833    0.001532540
   20.885111853    0.001337128    0.001555289    0.001521258
   20.935193656    0.001327294    0.001543860    0.001510087
   20.985275459    0.001317558    0.001532543    0.001499027
   21.035357262    0.001307918    0.001521337    0.001488076
   21.085439065    0.001298372    0.001510241    0.001477232
   21.135520868    0.001288920    0.001499254    0.001466495
   21.185602671    0.001279560    0.001488374    0.001455862
   21.235684474    0.001270291    0.001477600    0.001445333
   21.285766277    0.001261113    0.001466931    0.001434907
   21.335848080    0.001252024    0.001456365    0.001424582
   21.385929883    0.001243022    0.001445901    0.001414356
   21.436011686    0.001234107    0.001435537    0.001404229
   21.486093489    0.001225278    0.001425274    0.001394200
   21.536175292    0.001216534    0.001415109    0.001384266
   21.586257095    0.001207874    0.001405040    0.001374428
   21.636338898    0.001199296    0.001395068    0.001364684
   21.686420701    0.001190800    0.001385191    0.001355033
   21.736502504    0.001182384    0.001375408    0.001345473
   21.786584307    0.001174049    0.001365717    0.001336003
   21.836666110    0.001165792    0.001356118    0.001326624
   21.886747913    0.001157613    0.001346609    0.001317332
   21.936829716    0.001149511    0.001337189    0.001308128
   21.986911519    0.001141485    0.001327858    0.001299010
   22.036993322    0.001133535    0.001318614    0.001289978
   22.087075125    0.001125658    0.001309456    0.001281030
   22.137156928    0.001117855    0.001300384    0.001272165
   22.187238731    0.001110124    0.001291396    0.001263382
   22.237320534    0.001102465    0.001282491    0.001254681
   22.287402337    0.001094877    0.001273668    0.001246060
   22.337484140    0.001087359    0.001264926    0.001237519
   22.387565943    0.001079910    0.001256265    0.001229056
   22.437647746    0.001072530    0.001247683    0.001220670
   22.487729549    0.001065217    0.001239180    0.001212362
   22.537811352    0.001057970    0.001230755    0.001204129
   22.587893155    0.001050790    0.001222406    0.001195971
   22.637974958    0.001043675    0.001214133    0.001187888
   22.688056761    0.001036625    0.001205935    0.001179877
   22.738138564    0.001029639    0.001197811    0.001171939
   22.788220367    0.001022715    0.001189761    0.001164073
   22.838302170    0.001015854    0.001181783    0.001156277
   22.888383973    0.001009055    0.001173876    0.001148552
   22.938465776    0.001002317    0.001166041    0.001140895
   22.988547579    0.000995639    0.001158275    0.001133307
   23.038629382    0.000989020    0.001150579    0.001125787
   23.088711185    0.000982461    0.001142951    0.001118333
   23.138792988    0.000975959    0.001135391    0.001110946
   23.188874791    0.000969516    0.001127897    0.001103624
   23.238956594    0.000963129    0.001120470    0.001096366
   23.289038397    0.000956799    0.001113109    0.001089173
   23.339120200    0.000950524    0.001105812    0.001082043
   23.389202003    0.000944304    0.001098579    0.001074975
   23.439283806    0.000938139    0.001091410    0.001067969
   23.489365609    0.000932028    0.001084303    0.001061024
   23.539447412    0.000925970    0.001077258    0.001054140
   23.589529215    0.000919965    0.001070274    0.001047316
   23.639611018    0.000914012    0.001063351    0.001040550
   23.689692821    0.000908111    0.001056488    0.001033844
   23.739774624    0.000902260    0.001049685    0.001027195
   23.789856427    0.000896460    0.001042939    0.001020603
   23.839938230    0.000890710    0.001036252    0.001014068
   23.890020033    0.000885010    0.001029622    0.001007589
   23.940101836    0.000879358    0.001023049    0.001001166
   23.990183639    0.000873754    0.001016532    0.000994797
   24.040265442    0.000868198    0.001010071    0.000988482
   24.090347245    0.000862690    0.001003665    0.000982222
   24.140429048    0.000857228    0.000997313    0.000976014
   24.190510851    0.000851813    0.000991014    0.000969859
   24.240592654    0.000846443    0.000984769    0.000963755
   24.290674457    0.000841119    0.000978577    0.000957704
   24.340756260    0.000835839    0.000972437    0.000951703
   24.390838063    0.000830604    0.000966348    0.000945752
   24.440919866    0.000825413    0.000960310    0.000939851
   24.491001669    0.000820265    0.000954323    0.000933999
   24.541083472    0.000815160    0.000948386    0.000928197
   24.591165275    0.000810098    0.000942498    0.000922442
   24.641247078    0.000805077    0.000936659    0.000916735
   24.691328881    0.000800099    0.000930868    0.000911076
   24.741410684    0.000795161    0.000925125    0.000905463
   24.791492487    0.000790264    0.000919430    0.000899896
   24.841574290    0.000785408    0.000913781    0.000894375
   24.891656093    0.000780591    0.000908179    0.000888900
   24.941737896    0.000775814    0.000902623    0.000883469
   24.991819699    0.000771076    0.000897112    0.000878083
   25.041901503    0.000766377    0.000891647    0.000872740
   25.091983306    0.000761716    0.000886226    0.000867441
   25.142065109    0.000757094    0.000880849    0.000862186
   25.192146912    0.000752508    0.000875515    0.000856972
   25.242228715    0.000747960    0.000870225    0.000851801
   25.292310518    0.000743448    0.000864977    0.000846672
   25.342392321    0.000738973    0.000859772    0.000841584
   25.392474124    0.000734534    0.000854609    0.000836537
   25.442555927    0.000730131    0.000849487    0.000831530
   25.492637730    0.000725763    0.000844406    0.000826563
   25.542719533    0.000721429    0.000839366    0.000821636
   25.592801336    0.000717131    0.000834366    0.000816749
   25.642883139    0.000712867    0.000829406    0.000811900
   25.692964942    0.000708636    0.000824485    0.000807090
   25.743046745    0.000704439    0.000819604    0.000802318
   25.793128548    0.000700276    0.000814761    0.000797583
   25.843210351    0.000696145    0.000809956    0.000792886
   25.893292154    0.000692047    0.000805189    0.000788226
   25.943373957    0.000687981    0.000800459    0.000783602
   25.993455760    0.000683947    0.000795767    0.000779015
   26.043537563    0.000679945    0.000791112    0.000774464
   26.093619366    0.000675974    0.000786493    0.000769948
   26.143701169    0.000672034    0.000781910    0.000765468
   26.193782972    0.000668125    0.000777362    0.000761022
   26.243864775    0.000664246    0.000772850    0.000756611
   26.293946578    0.000660397    0.000768373    0.000752234
   26.344028381    0.000656578    0.000763931    0.000747890
   26.394110184    0.000652789    0.000759523    0.000743581
   26.444191987    0.000649028    0.000755149    0.000739304
   26.494273790    0.000645297    0.000750809    0.000735061
   26.544355593    0.000641595    0.000746502    0.000730850
   26.594437396    0.000637920    0.000742228    0.000726671
   26.644519199    0.000634274    0.000737987    0.000722524
   26.694601002    0.000630656    0.000733778    0.000718409
   26.744682805    0.000627066    0.000729601    0.000714325
   26.794764608    0.000623502    0.000725456    0.000710272
   26.844846411    0.000619966    0.000721343    0.000706250
   26.894928214    0.000616457    0.000717260    0.000702258
   26.945010017    0.000612974    0.000713209    0.000698297
   26.995091820    0.000609517    0.000709188    0.000694365
   27.045173623    0.000606087    0.000705197    0.000690463
   27.095255426    0.000602682    0.000701237    0.000686590
   27.145337229    0.000599303    0.000697306    0.000682747
   27.195419032    0.000595949    0.000693404    0.000678932
   27.245500835    0.000592621    0.000689532    0.000675145
   27.295582638    0.000589317    0.000685689    0.000671387
   27.345664441    0.000586038    0.000681874    0.000667656
   27.395746244    0.000582783    0.000678088    0.000663954
   27.445828047    0.000579552    0.000674329    0.000660279
   27.495909850    0.000576345    0.000670599    0.000656630
   27.545991653    0.000573162    0.000666896    0.000653009
   27.596073456    0.000570003    0.000663221    0.000649415
   27.646155259    0.000566866    0.000659572    0.000645847
   27.696237062    0.000563753    0.000655950    0.000642305
   27.746318865    0.000560663    0.000652355    0.000638789
   27.796400668    0.000557595    0.000648787    0.000635299
   27.846482471    0.000554550    0.000645244    0.000631835
   27.896564274    0.000551527    0.000641727    0.000628395
   27.946646077    0.000548525    0.000638236    0.000624981
   27.996727880    0.000545546    0.000634770    0.000621591
   28.046809683    0.000542589    0.000631329    0.000618226
   28.096891486    0.000539652    0.000627913    0.000614885
   28.146973289    0.000536737    0.000624522    0.000611569
   28.197055092    0.000533843    0.000621156    0.000608276
   28.247136895    0.000530970    0.000617813    0.000605007
   28.297218698    0.000528118    0.000614495    0.000601761
   28.347300501    0.000525286    0.000611200    0.000598539
   28.397382304    0.000522474    0.000607929    0.000595340
   28.447464107    0.000519683    0.000604682    0.000592163
   28.497545910    0.000516911    0.000601457    0.000589010
   28.547627713    0.000514159    0.000598256    0.000585878
   28.597709516    0.000511427    0.000595077    0.000582769
   28.647791319    0.000508714    0.000591921    0.000579682
   28.697873122    0.000506020    0.000588787    0.000576617
   28.747954925    0.000503346    0.000585676    0.000573573
   28.798036728    0.000500690    0.000582586    0.000570551
   28.848118531    0.000498053    0.000579518    0.000567550
   28.898200334    0.000495434    0.000576472    0.000564571
   28.948282137    0.000492834    0.000573447    0.000561612
   28.998363940    0.000490252    0.000570443    0.000558673
   29.048445743    0.000487688    0.000567461    0.000555756
   29.098527546    0.000485143    0.000564499    0.000552859
   29.148609349    0.000482614    0.000561558    0.000549981
   29.198691152    0.000480104    0.000558637    0.000547124
   29.248772955    0.000477611    0.000555737    0.000544287
   29.298854758    0.000475135    0.000552856    0.000541469
   29.348936561    0.000472676    0.000549996    0.000538671
   29.399018364    0.000470235    0.000547155    0.000535892
   29.449100167    0.000467810    0.000544334    0.000533133
   29.499181970    0.000465402    0.000541533    0.000530392
   29.549263773    0.000463010    0.000538750    0.000527670
   29.599345576    0.000460635    0.000535987    0.000524967
   29.649427379    0.000458276    0.000533243    0.000522282
   29.699509182    0.000455933    0.000530517    0.000519615
   29.749590985    0.000453607    0.000527810    0.000516967
   29.799672788    0.000451296    0.000525122    0.000514337
   29.849754591    0.000449000    0.000522451    0.000511724
   29.899836394    0.000446721    0.000519799    0.000509130
   29.949918197    0.000444457    0.000517165    0.000506553
   30.000000000    0.000442208    0.000514549    0.000503993
