# energy grid [eV]  eels components [arbitrary units]
#
    0.001000000    0.000000000    0.000000001    0.000000000
    0.051081803    0.000104854    0.002749854    0.000131569
    0.101163606    0.001269081    0.004932542    0.001387518
    0.151245409    0.003764086    0.004377166    0.002642040
    0.201327212    0.004571077    0.004898302    0.003428237
    0.251409015    0.005283297    0.006357190    0.003918781
    0.301490818    0.006898542    0.008689702    0.004278927
    0.351572621    0.009512519    0.011229235    0.005013577
    0.401654424    0.012048700    0.013245569    0.005888356
    0.451736227    0.013977101    0.015064973    0.007218172
    0.501818030    0.016827782    0.017632130    0.008997258
    0.551899833    0.021056737    0.019640970    0.010065445
    0.601981636    0.023459668    0.019793874    0.010208345
    0.652063439    0.024712109    0.020199520    0.009677514
    0.702145242    0.025983156    0.020660332    0.009586235
    0.752227045    0.027536185    0.021551387    0.009959910
    0.802308848    0.029172246    0.022651959    0.011023006
    0.852390651    0.030200247    0.023006343    0.012468979
    0.902472454    0.029482267    0.022576853    0.013742342
    0.952554257    0.029442341    0.023118717    0.014396826
    1.002636060    0.031898468    0.024971220    0.016313979
    1.052717863    0.033373288    0.026598059    0.019939221
    1.102799666    0.033135487    0.027547237    0.025017216
    1.152881469    0.033131155    0.028416039    0.030908570
    1.202963272    0.035057446    0.030503443    0.036288338
    1.253045075    0.037506132    0.032803473    0.038055191
    1.303126878    0.039098872    0.033903916    0.035771125
    1.353208681    0.041341314    0.035764947    0.035988372
    1.403290484    0.043494551    0.037501298    0.038098390
    1.453372287    0.045075716    0.038851705    0.039982437
    1.503454090    0.045090054    0.039195791    0.041259692
    1.553535893    0.043135154    0.037558105    0.043211168
    1.603617696    0.039292513    0.036075356    0.045494629
    1.653699499    0.035699520    0.035089208    0.047252642
    1.703781302    0.035188672    0.034964806    0.051529439
    1.753863105    0.037273590    0.036572418    0.057888746
    1.803944908    0.040931547    0.038966935    0.062853663
    1.854026711    0.045023769    0.041559872    0.065850456
    1.904108514    0.048008045    0.045622096    0.069311292
    1.954190317    0.049153981    0.048455649    0.070336941
    2.004272120    0.049444987    0.047945677    0.068375300
    2.054353923    0.049659468    0.045839137    0.063776135
    2.104435726    0.050542892    0.045168263    0.059845945
    2.154517529    0.053714017    0.046709036    0.058899188
    2.204599332    0.059735953    0.050736575    0.059057624
    2.254681135    0.063722608    0.053548623    0.061186554
    2.304762938    0.061134103    0.052473261    0.066086020
    2.354844741    0.057266539    0.050181807    0.071700382
    2.404926544    0.056177758    0.050503062    0.072053642
    2.455008347    0.057106733    0.051429605    0.067985916
    2.505090150    0.058250615    0.051460464    0.070731443
    2.555171953    0.058244191    0.050885683    0.079276648
    2.605253756    0.059105733    0.052390854    0.088672687
    2.655335559    0.060131225    0.054156865    0.088709570
    2.705417362    0.062729121    0.058156032    0.078202551
    2.755499165    0.066210708    0.063651164    0.068696309
    2.805580968    0.068828944    0.065796857    0.069551276
    2.855662771    0.071525640    0.064572058    0.077452632
    2.905744574    0.075616340    0.063590561    0.088509134
    2.955826377    0.080216299    0.063952677    0.098096118
    3.005908180    0.084298028    0.066112622    0.099866709
    3.055989983    0.084026921    0.068376197    0.092407930
    3.106071786    0.081360748    0.069414021    0.082961923
    3.156153589    0.079622673    0.067975905    0.072058023
    3.206235392    0.078246178    0.066544715    0.065243221
    3.256317195    0.077407264    0.066454901    0.059536367
    3.306398998    0.077899436    0.066709396    0.053795589
    3.356480801    0.079675846    0.066811030    0.049543582
    3.406562604    0.082398437    0.066568708    0.047646574
    3.456644407    0.080801844    0.064451343    0.047159365
    3.506726210    0.071410355    0.058383281    0.046492834
    3.556808013    0.060751357    0.051163391    0.045255513
    3.606889816    0.056212754    0.046971155    0.045616557
    3.656971619    0.053434189    0.043509974    0.048169884
    3.707053422    0.051390118    0.041114995    0.052543734
    3.757135225    0.051939937    0.041185189    0.053735774
    3.807217028    0.054803487    0.043090235    0.049507708
    3.857298831    0.058576872    0.045905516    0.046570085
    3.907380634    0.062491076    0.049943727    0.044581639
    3.957462437    0.066994914    0.056468070    0.042530384
    4.007544240    0.073902834    0.066398575    0.041344938
    4.057626043    0.080964626    0.078826362    0.041235761
    4.107707846    0.089119259    0.089914567    0.041177413
    4.157789649    0.100188788    0.095156654    0.042355510
    4.207871452    0.106280353    0.095233023    0.043565315
    4.257953255    0.116947059    0.103023272    0.043931487
    4.308035058    0.139885622    0.124125313    0.043535574
    4.358116861    0.175262638    0.158033895    0.041563720
    4.408198664    0.187835305    0.174623367    0.038294953
    4.458280467    0.178513924    0.170665453    0.038960337
    4.508362270    0.177576588    0.174119039    0.043429510
    4.558444073    0.180242123    0.184294149    0.051562360
    4.608525876    0.189142831    0.203558246    0.065667275
    4.658607679    0.204306717    0.223602271    0.081406687
    4.708689482    0.218236607    0.236181056    0.091142038
    4.758771285    0.236745103    0.246265766    0.090079025
    4.808853088    0.241059376    0.243406528    0.087091145
    4.858934891    0.232807167    0.237145361    0.088136551
    4.909016694    0.234919993    0.237578050    0.088201463
    4.959098497    0.240771057    0.235000697    0.085218823
    5.009180301    0.242907233    0.220118279    0.080538346
    5.059262104    0.233892927    0.188342977    0.073154302
    5.109343907    0.210197683    0.159708665    0.067479728
    5.159425710    0.196078378    0.145244471    0.068940437
    5.209507513    0.194285643    0.137742440    0.073866553
    5.259589316    0.199191508    0.130632873    0.078359885
    5.309671119    0.189403962    0.117344740    0.081595656
    5.359752922    0.167596941    0.104193077    0.086295519
    5.409834725    0.153568002    0.099933119    0.092832350
    5.459916528    0.138908556    0.097918444    0.100051910
    5.509998331    0.126050407    0.096312395    0.110975287
    5.560080134    0.122008456    0.097211159    0.121607363
    5.610161937    0.120999668    0.093945027    0.121263747
    5.660243740    0.124003019    0.092564669    0.109008143
    5.710325543    0.125411840    0.095905761    0.100681364
    5.760407346    0.124260384    0.100889796    0.092486279
    5.810489149    0.124363748    0.106543295    0.088475020
    5.860570952    0.123514561    0.109353230    0.090060069
    5.910652755    0.120326546    0.109222574    0.094625495
    5.960734558    0.114835368    0.104399338    0.099565421
    6.010816361    0.108514766    0.101583091    0.100557864
    6.060898164    0.105989401    0.103856471    0.097259150
    6.110979967    0.106581902    0.105700555    0.093679569
    6.161061770    0.107281410    0.102189071    0.093793241
    6.211143573    0.104429799    0.090318112    0.094357141
    6.261225376    0.103653092    0.083219111    0.087959745
    6.311307179    0.104473851    0.081612440    0.077049236
    6.361388982    0.109717024    0.082454913    0.073027840
    6.411470785    0.119396942    0.086003806    0.077838578
    6.461552588    0.130578500    0.092376734    0.086715397
    6.511634391    0.134988579    0.096689289    0.085540587
    6.561716194    0.135977393    0.097867072    0.079216719
    6.611797997    0.139952067    0.097911320    0.075869256
    6.661879800    0.148611339    0.099994181    0.079733232
    6.711961603    0.157885482    0.103214411    0.088452022
    6.762043406    0.163423982    0.106987175    0.098300610
    6.812125209    0.160202550    0.111702900    0.102017689
    6.862207012    0.146648676    0.110364732    0.093847009
    6.912288815    0.135969786    0.102729047    0.085173333
    6.962370618    0.124706136    0.094822617    0.078374289
    7.012452421    0.117548664    0.094258998    0.075177722
    7.062534224    0.111898630    0.098518220    0.076511656
    7.112616027    0.107391390    0.100202117    0.078627998
    7.162697830    0.102955994    0.094811133    0.075189144
    7.212779633    0.100755953    0.088612466    0.067234563
    7.262861436    0.102451067    0.087107928    0.061044368
    7.312943239    0.105399774    0.087611312    0.056677326
    7.363025042    0.105878715    0.086360218    0.054079024
    7.413106845    0.101484859    0.081445948    0.053140943
    7.463188648    0.100099795    0.078191524    0.053342070
    7.513270451    0.103934044    0.078017333    0.054195722
    7.563352254    0.112141383    0.079208661    0.055462098
    7.613434057    0.117904914    0.078691675    0.057048961
    7.663515860    0.112142795    0.074840483    0.058903166
    7.713597663    0.106185076    0.072026619    0.060992614
    7.763679466    0.105560918    0.071853422    0.063303010
    7.813761269    0.108100252    0.073192335    0.065831460
    7.863843072    0.112373321    0.075367747    0.068582502
    7.913924875    0.117817052    0.078100654    0.071565975
    7.964006678    0.124226940    0.081276063    0.074795995
    8.014088481    0.131551140    0.084849218    0.078290523
    8.064170284    0.139814305    0.088809600    0.082071278
    8.114252087    0.149088466    0.093166104    0.086163872
    8.164333890    0.159482382    0.097940563    0.090598127
    8.214415693    0.171139265    0.103164928    0.095408543
    8.264497496    0.184239142    0.108880246    0.100634926
    8.314579299    0.199004549    0.115136640    0.106323185
    8.364661102    0.215709371    0.121993958    0.112526323
    8.414742905    0.234691257    0.129522948    0.119305664
    8.464824708    0.256368567    0.137806941    0.126732368
    8.514906511    0.281263413    0.146944076    0.134889296
    8.564988314    0.310033162    0.157050164    0.143873324
    8.615070117    0.343513964    0.168262331    0.153798225
    8.665151920    0.382781736    0.180743661    0.164798279
    8.715233723    0.429238968    0.194689130    0.177032824
    8.765315526    0.484740552    0.210333224    0.190692038
    8.815397329    0.551779954    0.227959813    0.206004347
    8.865479132    0.633770991    0.247915047    0.223246004
    8.915560935    0.735485482    0.270624385    0.242753575
    8.965642738    0.863753037    0.296615322    0.264940422
    9.015724541    1.028617749    0.326548100    0.290318667
    9.065806344    1.245324276    0.361257750    0.319528849
    9.115888147    1.537881646    0.401812520    0.353380507
    9.165969950    1.945795756    0.449596357    0.392908504
    9.216051753    2.537582441    0.506427452    0.439452499
    9.266133556    3.439907549    0.574731979    0.494771050
    9.316215359    4.905972714    0.657804349    0.561208680
    9.366297162    7.492177762    0.760206685    0.641945894
    9.416378965   12.557216372    0.888399148    0.741382538
    9.466460768   23.622467466    1.051765980    0.865741996
    9.516542571   46.353401846    1.264346347    1.024053598
    9.566624374   57.581403983    1.547876397    1.229807873
    9.616706177   33.646429985    1.937396662    1.503862455
    9.666787980   17.052142863    2.492180325    1.879793167
    9.716869783    9.602192013    3.318473187    2.414316003
    9.766951586    6.015900696    4.620590948    3.208976614
    9.817033389    4.083281545    6.826257080    4.458979118
    9.867115192    2.939660419   10.922295611    6.573675696
    9.917196995    2.212111246   19.375676697   10.504696266
    9.967278798    1.722494049   37.510033942   18.694613182
   10.017360601    1.378029946   59.873430629   37.018586000
   10.067442404    1.126855124   45.999909685   63.427014553
   10.117524207    0.938246720   23.939139467   50.622770216
   10.167606010    0.793110119   13.020205045   25.653112187
   10.217687813    0.679090432    7.884299071   13.613937711
   10.267769616    0.587915954    5.211951326    8.118421661
   10.317851419    0.513884118    3.677778509    5.314781033
   10.367933222    0.452962515    2.725190972    3.725877858
   10.418015025    0.402235785    2.096435275    2.748023026
   10.468096828    0.359554580    1.660945621    2.106707032
   10.518178631    0.323306563    1.347437475    1.664647430
   10.568260434    0.292263357    1.114514411    1.347594496
   10.618342237    0.265475987    0.936876531    1.112737588
   10.668424040    0.242202056    0.798386384    0.934059071
   10.718505843    0.221854112    0.688371797    0.795038467
   10.768587646    0.203962453    0.599553296    0.684790695
   10.818669449    0.188147942    0.526831131    0.595913972
   10.868751252    0.174101859    0.466548424    0.523236418
   10.918833055    0.161570801    0.416028715    0.463057741
   10.968914858    0.150345224    0.373277299    0.412674969
   11.018996661    0.140250667    0.336783376    0.370077061
   11.069078464    0.131140961    0.305385996    0.333743131
   11.119160267    0.122892928    0.278181358    0.302506039
   11.169242070    0.115402215    0.254457530    0.275458254
   11.219323873    0.108579998    0.233647726    0.251885695
   11.269405676    0.102350350    0.215296345    0.231220443
   11.319487479    0.096648151    0.199033985    0.213006450
   11.369569282    0.091417416    0.184558827    0.196874349
   11.419651085    0.086609975    0.171622657    0.182522765
   11.469732888    0.082184473    0.160020313    0.169704371
   11.519814691    0.078105661    0.149581758    0.158215552
   11.569896494    0.074344034    0.140166277    0.147889015
   11.619978297    0.070875965    0.131658635    0.138589268
   11.670060100    0.067684685    0.123967454    0.130211876
   11.720141903    0.064763023    0.117027053    0.122689912
   11.770223706    0.062120367    0.110806448    0.116018108
   11.820305509    0.059800758    0.105336346    0.110318548
   11.870387312    0.057930796    0.100783767    0.105853633
   11.920469115    0.056800730    0.097583676    0.102062767
   11.970550918    0.056457428    0.095823001    0.097743733
   12.020632721    0.055718478    0.093465329    0.092889684
   12.070714524    0.054218661    0.089941625    0.087952123
   12.120796327    0.052324235    0.086041907    0.083299297
   12.170878130    0.050934608    0.082766531    0.078908831
   12.220959933    0.050003721    0.080456333    0.074964537
   12.271041736    0.049723480    0.078944713    0.071372102
   12.321123539    0.051052133    0.079986164    0.068298104
   12.371205342    0.051674837    0.079982569    0.065699460
   12.421287145    0.050020080    0.076630508    0.063685288
   12.471368948    0.048052143    0.072996900    0.062361155
   12.521450751    0.046082504    0.069337094    0.061726108
   12.571532554    0.044387351    0.066201310    0.061083890
   12.621614357    0.042980059    0.063494648    0.059844395
   12.671696160    0.041477662    0.060757211    0.058221650
   12.721777963    0.040491934    0.058748407    0.056976042
   12.771859766    0.039066445    0.056345168    0.056976919
   12.821941569    0.037820819    0.054259630    0.058115672
   12.872023372    0.036898106    0.052723673    0.060424007
   12.922105175    0.035819863    0.051032800    0.063611889
   12.972186978    0.034775368    0.049303520    0.067222983
   13.022268781    0.034016531    0.047761062    0.070380730
   13.072350584    0.033438643    0.046597665    0.073846203
   13.122432387    0.033037940    0.045680949    0.078745463
   13.172514190    0.033396818    0.045568517    0.085354216
   13.222595993    0.034809742    0.046500916    0.094979846
   13.272677796    0.037480111    0.048625768    0.105851827
   13.322759599    0.041133055    0.050916982    0.111005591
   13.372841402    0.045111296    0.051961598    0.109488575
   13.422923205    0.047176967    0.050962189    0.116486304
   13.473005008    0.044115729    0.047918851    0.133588774
   13.523086811    0.041348278    0.045639828    0.132495900
   13.573168614    0.038954548    0.043997745    0.116112602
   13.623250417    0.038218308    0.042495988    0.102720487
   13.673332220    0.038531326    0.040618748    0.092601635
   13.723414023    0.037520181    0.037958552    0.083360259
   13.773495826    0.034815087    0.035421358    0.073815944
   13.823577629    0.032566151    0.033948749    0.062949237
   13.873659432    0.031080764    0.033858381    0.054115121
   13.923741235    0.029317535    0.034175205    0.049182402
   13.973823038    0.026881605    0.033108947    0.046905551
   14.023904841    0.023680065    0.029690569    0.046067745
   14.073986644    0.020835566    0.026456177    0.044922654
   14.124068447    0.018662770    0.024187822    0.042201919
   14.174150250    0.016962986    0.022558907    0.041173246
   14.224232053    0.015811159    0.021406071    0.041168889
   14.274313856    0.015004161    0.020517655    0.036965275
   14.324395659    0.014382125    0.019740762    0.029614202
   14.374477462    0.013850342    0.019001041    0.024874624
   14.424559265    0.013368935    0.018240392    0.022227857
   14.474641068    0.012930551    0.017507016    0.020553231
   14.524722871    0.012538500    0.016903274    0.019362321
   14.574804674    0.012192984    0.016398160    0.018442068
   14.624886477    0.011879700    0.015950067    0.017686210
   14.674968280    0.011589340    0.015538693    0.017038579
   14.725050083    0.011316768    0.015154070    0.016467250
   14.775131886    0.011058838    0.014790665    0.015952717
   14.825213689    0.010813421    0.014445042    0.015482321
   14.875295492    0.010578970    0.014114866    0.015047433
   14.925377295    0.010354304    0.013798437    0.014641922
   14.975459098    0.010138490    0.013494458    0.014261276
   15.025540902    0.009930767    0.013201890    0.013902078
   15.075622705    0.009730502    0.012919881    0.013561667
   15.125704508    0.009537158    0.012647710    0.013237930
   15.175786311    0.009350275    0.012384759    0.012929153
   15.225868114    0.009169451    0.012130484    0.012633921
   15.275949917    0.008994329    0.011884405    0.012351050
   15.326031720    0.008824595    0.011646091    0.012079536
   15.376113523    0.008659965    0.011415151    0.011818515
   15.426195326    0.008500182    0.011191230    0.011567236
   15.476277129    0.008345013    0.010974001    0.011325044
   15.526358932    0.008194244    0.010763163    0.011091357
   15.576440735    0.008047678    0.010558437    0.010865658
   15.626522538    0.007905133    0.010359562    0.010647483
   15.676604341    0.007766439    0.010166297    0.010436414
   15.726686144    0.007631440    0.009978413    0.010232070
   15.776767947    0.007499988    0.009795697    0.010034104
   15.826849750    0.007371945    0.009617948    0.009842201
   15.876931553    0.007247181    0.009444975    0.009656066
   15.927013356    0.007125575    0.009276600    0.009475432
   15.977095159    0.007007011    0.009112651    0.009300048
   16.027176962    0.006891380    0.008952969    0.009129681
   16.077258765    0.006778579    0.008797400    0.008964117
   16.127340568    0.006668510    0.008645798    0.008803152
   16.177422371    0.006561079    0.008498024    0.008646597
   16.227504174    0.006456199    0.008353948    0.008494276
   16.277585977    0.006353784    0.008213443    0.008346019
   16.327667780    0.006253754    0.008076388    0.008201671
   16.377749583    0.006156032    0.007942670    0.008061083
   16.427831386    0.006060545    0.007812178    0.007924114
   16.477913189    0.005967223    0.007684807    0.007790631
   16.527994992    0.005875998    0.007560456    0.007660509
   16.578076795    0.005786806    0.007439030    0.007533628
   16.628158598    0.005699585    0.007320436    0.007409873
   16.678240401    0.005614276    0.007204586    0.007289138
   16.728322204    0.005530822    0.007091394    0.007171320
   16.778404007    0.005449168    0.006980778    0.007056319
   16.828485810    0.005369263    0.006872662    0.006944043
   16.878567613    0.005291054    0.006766968    0.006834402
   16.928649416    0.005214495    0.006663625    0.006727311
   16.978731219    0.005139537    0.006562564    0.006622689
   17.028813022    0.005066137    0.006463716    0.006520456
   17.078894825    0.004994250    0.006367018    0.006420539
   17.128976628    0.004923835    0.006272408    0.006322865
   17.179058431    0.004854851    0.006179825    0.006227367
   17.229140234    0.004787260    0.006089212    0.006133977
   17.279222037    0.004721024    0.006000513    0.006042633
   17.329303840    0.004656107    0.005913676    0.005953273
   17.379385643    0.004592474    0.005828647    0.005865840
   17.429467446    0.004530090    0.005745377    0.005780277
   17.479549249    0.004468924    0.005663819    0.005696531
   17.529631052    0.004408944    0.005583925    0.005614548
   17.579712855    0.004350119    0.005505650    0.005534279
   17.629794658    0.004292419    0.005428951    0.005455676
   17.679876461    0.004235817    0.005353787    0.005378692
   17.729958264    0.004180284    0.005280117    0.005303283
   17.780040067    0.004125794    0.005207901    0.005229405
   17.830121870    0.004072320    0.005137101    0.005157016
   17.880203673    0.004019838    0.005067682    0.005086077
   17.930285476    0.003968324    0.004999607    0.005016549
   17.980367279    0.003917753    0.004932842    0.004948393
   18.030449082    0.003868103    0.004867354    0.004881574
   18.080530885    0.003819352    0.004803111    0.004816058
   18.130612688    0.003771478    0.004740081    0.004751809
   18.180694491    0.003724461    0.004678235    0.004688795
   18.230776294    0.003678280    0.004617543    0.004626985
   18.280858097    0.003632915    0.004557977    0.004566348
   18.330939900    0.003588348    0.004499509    0.004506855
   18.381021703    0.003544561    0.004442113    0.004448476
   18.431103506    0.003501534    0.004385763    0.004391185
   18.481185309    0.003459251    0.004330433    0.004334953
   18.531267112    0.003417696    0.004276100    0.004279756
   18.581348915    0.003376850    0.004222740    0.004225568
   18.631430718    0.003336699    0.004170330    0.004172364
   18.681512521    0.003297227    0.004118847    0.004120121
   18.731594324    0.003258419    0.004068271    0.004068815
   18.781676127    0.003220259    0.004018580    0.004018425
   18.831757930    0.003182735    0.003969754    0.003968929
   18.881839733    0.003145832    0.003921774    0.003920306
   18.931921536    0.003109536    0.003874619    0.003872536
   18.982003339    0.003073835    0.003828271    0.003825598
   19.032085142    0.003038716    0.003782713    0.003779474
   19.082166945    0.003004165    0.003737926    0.003734145
   19.132248748    0.002970172    0.003693894    0.003689593
   19.182330551    0.002936724    0.003650599    0.003645800
   19.232412354    0.002903810    0.003608026    0.003602749
   19.282494157    0.002871419    0.003566159    0.003560424
   19.332575960    0.002839539    0.003524982    0.003518809
   19.382657763    0.002808161    0.003484481    0.003477888
   19.432739566    0.002777273    0.003444641    0.003437645
   19.482821369    0.002746867    0.003405447    0.003398066
   19.532903172    0.002716931    0.003366887    0.003359136
   19.582984975    0.002687457    0.003328947    0.003320842
   19.633066778    0.002658435    0.003291613    0.003283169
   19.683148581    0.002629857    0.003254873    0.003246105
   19.733230384    0.002601712    0.003218715    0.003209636
   19.783312187    0.002573993    0.003183126    0.003173750
   19.833393990    0.002546692    0.003148096    0.003138435
   19.883475793    0.002519799    0.003113611    0.003103679
   19.933557596    0.002493307    0.003079662    0.003069470
   19.983639399    0.002467209    0.003046238    0.003035797
   20.033721202    0.002441496    0.003013327    0.003002648
   20.083803005    0.002416161    0.002980919    0.002970014
   20.133884808    0.002391198    0.002949005    0.002937883
   20.183966611    0.002366598    0.002917574    0.002906245
   20.234048414    0.002342354    0.002886618    0.002875092
   20.284130217    0.002318461    0.002856126    0.002844411
   20.334212020    0.002294911    0.002826090    0.002814195
   20.384293823    0.002271699    0.002796500    0.002784435
   20.434375626    0.002248817    0.002767348    0.002755120
   20.484457429    0.002226260    0.002738626    0.002726243
   20.534539232    0.002204021    0.002710325    0.002697794
   20.584621035    0.002182095    0.002682437    0.002669766
   20.634702838    0.002160476    0.002654955    0.002642151
   20.684784641    0.002139158    0.002627870    0.002614939
   20.734866444    0.002118137    0.002601175    0.002588125
   20.784948247    0.002097405    0.002574863    0.002561699
   20.835030050    0.002076960    0.002548927    0.002535655
   20.885111853    0.002056794    0.002523359    0.002509986
   20.935193656    0.002036904    0.002498153    0.002484684
   20.985275459    0.002017284    0.002473302    0.002459742
   21.035357262    0.001997929    0.002448799    0.002435154
   21.085439065    0.001978835    0.002424639    0.002410914
   21.135520868    0.001959998    0.002400815    0.002387014
   21.185602671    0.001941412    0.002377321    0.002363449
   21.235684474    0.001923074    0.002354150    0.002340213
   21.285766277    0.001904979    0.002331298    0.002317298
   21.335848080    0.001887123    0.002308758    0.002294701
   21.385929883    0.001869501    0.002286525    0.002272414
   21.436011686    0.001852111    0.002264593    0.002250433
   21.486093489    0.001834947    0.002242957    0.002228751
   21.536175292    0.001818006    0.002221612    0.002207365
   21.586257095    0.001801285    0.002200553    0.002186267
   21.636338898    0.001784779    0.002179775    0.002165453
   21.686420701    0.001768485    0.002159273    0.002144919
   21.736502504    0.001752399    0.002139041    0.002124659
   21.786584307    0.001736519    0.002119077    0.002104669
   21.836666110    0.001720840    0.002099374    0.002084943
   21.886747913    0.001705359    0.002079928    0.002065477
   21.936829716    0.001690073    0.002060736    0.002046268
   21.986911519    0.001674979    0.002041792    0.002027310
   22.036993322    0.001660073    0.002023093    0.002008599
   22.087075125    0.001645354    0.002004634    0.001990130
   22.137156928    0.001630816    0.001986412    0.001971901
   22.187238731    0.001616459    0.001968423    0.001953906
   22.237320534    0.001602278    0.001950662    0.001936142
   22.287402337    0.001588271    0.001933125    0.001918606
   22.337484140    0.001574435    0.001915810    0.001901292
   22.387565943    0.001560768    0.001898713    0.001884198
   22.437647746    0.001547266    0.001881829    0.001867320
   22.487729549    0.001533928    0.001865156    0.001850654
   22.537811352    0.001520750    0.001848690    0.001834197
   22.587893155    0.001507731    0.001832428    0.001817945
   22.637974958    0.001494867    0.001816366    0.001801895
   22.688056761    0.001482156    0.001800502    0.001786045
   22.738138564    0.001469596    0.001784831    0.001770389
   22.788220367    0.001457185    0.001769352    0.001754927
   22.838302170    0.001444920    0.001754060    0.001739654
   22.888383973    0.001432799    0.001738954    0.001724567
   22.938465776    0.001420820    0.001724030    0.001709663
   22.988547579    0.001408981    0.001709285    0.001694940
   23.038629382    0.001397279    0.001694716    0.001680395
   23.088711185    0.001385713    0.001680321    0.001666025
   23.138792988    0.001374280    0.001666098    0.001651826
   23.188874791    0.001362978    0.001652042    0.001637798
   23.238956594    0.001351806    0.001638153    0.001623936
   23.289038397    0.001340762    0.001624426    0.001610238
   23.339120200    0.001329844    0.001610861    0.001596702
   23.389202003    0.001319049    0.001597454    0.001583326
   23.439283806    0.001308376    0.001584203    0.001570106
   23.489365609    0.001297824    0.001571105    0.001557040
   23.539447412    0.001287390    0.001558159    0.001544127
   23.589529215    0.001277073    0.001545361    0.001531364
   23.639611018    0.001266871    0.001532711    0.001518748
   23.689692821    0.001256782    0.001520205    0.001506277
   23.739774624    0.001246805    0.001507841    0.001493949
   23.789856427    0.001236938    0.001495618    0.001481763
   23.839938230    0.001227180    0.001483533    0.001469715
   23.890020033    0.001217529    0.001471585    0.001457805
   23.940101836    0.001207984    0.001459770    0.001446029
   23.990183639    0.001198542    0.001448088    0.001434386
   24.040265442    0.001189204    0.001436537    0.001422874
   24.090347245    0.001179966    0.001425114    0.001411490
   24.140429048    0.001170828    0.001413817    0.001400234
   24.190510851    0.001161788    0.001402646    0.001389104
   24.240592654    0.001152846    0.001391597    0.001378097
   24.290674457    0.001143999    0.001380670    0.001367211
   24.340756260    0.001135246    0.001369862    0.001356446
   24.390838063    0.001126586    0.001359172    0.001345798
   24.440919866    0.001118018    0.001348599    0.001335267
   24.491001669    0.001109540    0.001338140    0.001324852
   24.541083472    0.001101152    0.001327794    0.001314549
   24.591165275    0.001092852    0.001317559    0.001304358
   24.641247078    0.001084638    0.001307434    0.001294278
   24.691328881    0.001076510    0.001297418    0.001284305
   24.741410684    0.001068467    0.001287508    0.001274440
   24.791492487    0.001060507    0.001277704    0.001264681
   24.841574290    0.001052629    0.001268003    0.001255025
   24.891656093    0.001044833    0.001258405    0.001245473
   24.941737896    0.001037116    0.001248908    0.001236021
   24.991819699    0.001029479    0.001239511    0.001226669
   25.041901503    0.001021919    0.001230212    0.001217416
   25.091983306    0.001014437    0.001221010    0.001208260
   25.142065109    0.001007030    0.001211904    0.001199200
   25.192146912    0.000999698    0.001202892    0.001190235
   25.242228715    0.000992441    0.001193973    0.001181362
   25.292310518    0.000985256    0.001185146    0.001172582
   25.342392321    0.000978143    0.001176410    0.001163892
   25.392474124    0.000971101    0.001167763    0.001155292
   25.442555927    0.000964130    0.001159205    0.001146781
   25.492637730    0.000957228    0.001150734    0.001138356
   25.542719533    0.000950394    0.001142348    0.001130018
   25.592801336    0.000943628    0.001134048    0.001121764
   25.642883139    0.000936928    0.001125831    0.001113594
   25.692964942    0.000930295    0.001117697    0.001105507
   25.743046745    0.000923726    0.001109644    0.001097502
   25.793128548    0.000917221    0.001101672    0.001089577
   25.843210351    0.000910780    0.001093780    0.001081731
   25.893292154    0.000904402    0.001085966    0.001073964
   25.943373957    0.000898085    0.001078229    0.001066275
   25.993455760    0.000891829    0.001070569    0.001058662
   26.043537563    0.000885633    0.001062984    0.001051124
   26.093619366    0.000879497    0.001055474    0.001043661
   26.143701169    0.000873420    0.001048037    0.001036271
   26.193782972    0.000867401    0.001040673    0.001028954
   26.243864775    0.000861439    0.001033381    0.001021709
   26.293946578    0.000855533    0.001026160    0.001014534
   26.344028381    0.000849684    0.001019008    0.001007430
   26.394110184    0.000843890    0.001011926    0.001000394
   26.444191987    0.000838150    0.001004911    0.000993426
   26.494273790    0.000832465    0.000997964    0.000986526
   26.544355593    0.000826832    0.000991084    0.000979692
   26.594437396    0.000821252    0.000984269    0.000972924
   26.644519199    0.000815725    0.000977520    0.000966221
   26.694601002    0.000810248    0.000970834    0.000959581
   26.744682805    0.000804822    0.000964212    0.000953005
   26.794764608    0.000799447    0.000957652    0.000946491
   26.844846411    0.000794121    0.000951154    0.000940039
   26.894928214    0.000788844    0.000944717    0.000933648
   26.945010017    0.000783615    0.000938340    0.000927317
   26.995091820    0.000778435    0.000932022    0.000921046
   27.045173623    0.000773301    0.000925764    0.000914833
   27.095255426    0.000768214    0.000919564    0.000908678
   27.145337229    0.000763173    0.000913421    0.000902581
   27.195419032    0.000758178    0.000907335    0.000896540
   27.245500835    0.000753228    0.000901305    0.000890555
   27.295582638    0.000748323    0.000895330    0.000884626
   27.345664441    0.000743461    0.000889410    0.000878751
   27.395746244    0.000738643    0.000883545    0.000872930
   27.445828047    0.000733868    0.000877732    0.000867162
   27.495909850    0.000729136    0.000871973    0.000861447
   27.545991653    0.000724446    0.000866266    0.000855784
   27.596073456    0.000719797    0.000860610    0.000850173
   27.646155259    0.000715189    0.000855006    0.000844613
   27.696237062    0.000710622    0.000849452    0.000839102
   27.746318865    0.000706095    0.000843947    0.000833642
   27.796400668    0.000701608    0.000838492    0.000828231
   27.846482471    0.000697160    0.000833086    0.000822868
   27.896564274    0.000692751    0.000827728    0.000817553
   27.946646077    0.000688381    0.000822417    0.000812286
   27.996727880    0.000684048    0.000817153    0.000807065
   28.046809683    0.000679753    0.000811936    0.000801891
   28.096891486    0.000675495    0.000806765    0.000796762
   28.146973289    0.000671274    0.000801639    0.000791679
   28.197055092    0.000667089    0.000796558    0.000786641
   28.247136895    0.000662939    0.000791522    0.000781647
   28.297218698    0.000658826    0.000786530    0.000776697
   28.347300501    0.000654747    0.000781581    0.000771790
   28.397382304    0.000650703    0.000776675    0.000766926
   28.447464107    0.000646694    0.000771811    0.000762104
   28.497545910    0.000642719    0.000766990    0.000757324
   28.547627713    0.000638777    0.000762210    0.000752585
   28.597709516    0.000634868    0.000757471    0.000747888
   28.647791319    0.000630992    0.000752772    0.000743230
   28.697873122    0.000627149    0.000748114    0.000738613
   28.747954925    0.000623338    0.000743496    0.000734035
   28.798036728    0.000619559    0.000738917    0.000729497
   28.848118531    0.000615811    0.000734376    0.000724997
   28.898200334    0.000612095    0.000729874    0.000720535
   28.948282137    0.000608409    0.000725411    0.000716111
   28.998363940    0.000604754    0.000720984    0.000711725
   29.048445743    0.000601129    0.000716595    0.000707376
   29.098527546    0.000597533    0.000712243    0.000703063
   29.148609349    0.000593968    0.000707927    0.000698787
   29.198691152    0.000590431    0.000703648    0.000694546
   29.248772955    0.000586924    0.000699403    0.000690341
   29.298854758    0.000583445    0.000695195    0.000686171
   29.348936561    0.000579994    0.000691020    0.000682036
   29.399018364    0.000576571    0.000686881    0.000677935
   29.449100167    0.000573176    0.000682776    0.000673868
   29.499181970    0.000569809    0.000678704    0.000669834
   29.549263773    0.000566469    0.000674666    0.000665834
   29.599345576    0.000563155    0.000670660    0.000661867
   29.649427379    0.000559868    0.000666688    0.000657932
   29.699509182    0.000556608    0.000662748    0.000654030
   29.749590985    0.000553373    0.000658840    0.000650159
   29.799672788    0.000550165    0.000654963    0.000646320
   29.849754591    0.000546982    0.000651118    0.000642512
   29.899836394    0.000543824    0.000647304    0.000638735
   29.949918197    0.000540691    0.000643521    0.000634988
   30.000000000    0.000537583    0.000639768    0.000631272
