# energy grid [eV]     ieps_x  ieps_y  ieps_z
#
    0.001000000  395.357417566  358.747898661  658.118410075
    0.051081803  283.125955017  269.654971628  470.253928852
    0.101163606  193.319376386  194.483942077  318.638172173
    0.151245409  145.236666736  151.354369062  236.985006825
    0.201327212  115.615294530  123.365199860  186.536717344
    0.251409015   95.586733733  103.727153227  152.316766559
    0.301490818   81.202014449   89.233171084  127.662520521
    0.351572621   70.412321183   78.130518247  109.133189536
    0.401654424   62.043710404   69.372683665   94.759655701
    0.451736227   55.376105624   62.296979939   83.330072689
    0.501818030   49.944906658   56.465055071   74.057248085
    0.551899833   45.438132165   51.576628925   66.407919214
    0.601981636   41.639278415   47.419871485   60.008420742
    0.652063439   38.393854101   43.841511301   54.589488679
    0.702145242   35.588933433   40.728151372   49.952448789
    0.752227045   33.140215502   37.994222475   45.947708008
    0.802308848   30.983584306   35.574004691   42.460629747
    0.852390651   29.069458269   33.416216531   39.402000774
    0.902472454   27.358918993   31.480266660   36.701441446
    0.952554257   25.821003835   29.733607037   34.302753396
    1.002636060   24.430777027   28.149830909   32.160572793
    1.052717863   23.167932235   26.707283981   30.237921962
    1.102799666   22.015764519   25.388035307   28.504390910
    1.152881469   20.960403396   24.177104292   26.934768107
    1.202963272   19.990233267   23.061872746   25.507996673
    1.253045075   19.095450212   22.031632449   24.206369586
    1.303126878   18.267719297   21.077233220   23.014902760
    1.353208681   17.499906888   20.190806382   21.920842033
    1.403290484   16.785869554   19.365545442   20.913272067
    1.453372287   16.120286112   18.595530604   19.982803606
    1.503454090   15.498522872   17.875587223   19.121321507
    1.553535893   14.916524690   17.201170732   18.321780339
    1.603617696   14.370726232   16.568272450   17.578037480
    1.653699499   13.857979197   15.973341934   16.884716031
    1.703781302   13.375492253   15.413222585   16.237091552
    1.753863105   12.920781152   14.885097914   15.630998009
    1.803944908   12.491627067   14.386446462   15.062749260
    1.854026711   12.086041596   13.915003772   14.529073213
    1.904108514   11.702237227   13.468730158   14.027056357
    1.954190317   11.338602279   13.045783250   13.554096829
    2.004272120   10.993679548   12.644494513   13.107864557
    2.054353923   10.666148024   12.263349068   12.686267260
    2.104435726   10.354807183   11.900968294   12.287421356
    2.154517529   10.058563422   11.556094762   11.909626969
    2.204599332    9.776418314   11.227579140   11.551346398
    2.254681135    9.507458393   10.914368784   11.211185492
    2.304762938    9.250846247   10.615497745   10.887877506
    2.354844741    9.005812716   10.330078016   10.580269053
    2.404926544    8.771650044   10.057291811   10.287307856
    2.455008347    8.547705854    9.796384766   10.008032029
    2.505090150    8.333377814    9.546659908    9.741560678
    2.555171953    8.128108929    9.307472315    9.487085643
    2.605253756    7.931383345    9.078224357    9.243864208
    2.655335559    7.742722627    8.858361458    9.011212676
    2.705417362    7.561682433    8.647368305    8.788500662
    2.755499165    7.387849533    8.444765456    8.575146044
    2.805580968    7.220839151    8.250106292    8.370610466
    2.855662771    7.060292564    8.062974276    8.174395327
    2.905744574    6.905874949    7.882980486    7.986038208
    2.955826377    6.757273438    7.709761385    7.805109664
    3.005908180    6.614195365    7.542976805    7.631210363
    3.055989983    6.476366670    7.382308119    7.463968501
    3.106071786    6.343530465    7.227456585    7.303037489
    3.156153589    6.215445720    7.078141835    7.148093862
    3.206235392    6.091886073    6.934100510    6.998835393
    3.256317195    5.972638747    6.795085001    6.854979386
    3.306398998    5.857503557    6.660862313    6.716261138
    3.356480801    5.746292008    6.531213015    6.582432532
    3.406562604    5.638826464    6.405930287    6.453260770
    3.456644407    5.534939395    6.284819044    6.328527212
    3.506726210    5.434472674    6.167695126    6.208026325
    3.556808013    5.337276941    6.054384563    6.091564722
    3.606889816    5.243211017    5.944722890    5.978960279
    3.656971619    5.152141357    5.838554523    5.870041339
    3.707053422    5.063941555    5.735732178    5.764645969
    3.757135225    4.978491883    5.636116337    5.662621292
    3.807217028    4.895678862    5.539574757    5.563822866
    3.857298831    4.815394870    5.445982009    5.468114110
    3.907380634    4.737537780    5.355219054    5.375365789
    3.957462437    4.662010615    5.267172857    5.285455524
    4.007544240    4.588721242    5.181736017    5.198267351
    4.057626043    4.517582078    5.098806430    5.113691311
    4.107707846    4.448509816    5.018286977    5.031623067
    4.157789649    4.381425179    4.940085228    4.951963556
    4.207871452    4.316252683    4.864113173    4.874618662
    4.257953255    4.252920417    4.790286966    4.799498915
    4.308035058    4.191359844    4.718526689    4.726519211
    4.358116861    4.131505605    4.648756130    4.655598554
    4.408198664    4.073295347    4.580902579    4.586659812
    4.458280467    4.016669554    4.514896632    4.519629495
    4.508362270    3.961571394    4.450672013    4.454437542
    4.558444073    3.907946571    4.388165403    4.391017131
    4.608525876    3.855743191    4.327316283    4.329304493
    4.658607679    3.804911635    4.268066785    4.269238745
    4.708689482    3.755404438    4.210361553    4.210761729
    4.758771285    3.707176177    4.154147612    4.153817866
    4.808853088    3.660183367    4.099374246    4.098354016
    4.858934891    3.614384360    4.045992882    4.044319348
    4.909016694    3.569739253    3.993956981    3.991665219
    4.959098497    3.526209800    3.943221937    3.940345061
    5.009180301    3.483759332    3.893744982    3.890314269
    5.059262104    3.442352674    3.845485090    3.841530107
    5.109343907    3.401956076    3.798402900    3.793951610
    5.159425710    3.362537144    3.752460630    3.747539494
    5.209507513    3.324064773    3.707622000    3.702256075
    5.259589316    3.286509087    3.663852166    3.658065190
    5.309671119    3.249841378    3.621117646    3.614932121
    5.359752922    3.214034057    3.579386262    3.572823527
    5.409834725    3.179060595    3.538627074    3.531707378
    5.459916528    3.144895481    3.498810328    3.491552892
    5.509998331    3.111514169    3.459907396    3.452330475
    5.560080134    3.078893039    3.421890731    3.414011671
    5.610161937    3.047009353    3.384733814    3.376569102
    5.660243740    3.015841217    3.348411110    3.339976424
    5.710325543    2.985367541    3.312898025    3.304208280
    5.760407346    2.955568009    3.278170861    3.269240251
    5.810489149    2.926423037    3.244206782    3.235048819
    5.860570952    2.897913748    3.210983773    3.201611326
    5.910652755    2.870021942    3.178480606    3.168905933
    5.960734558    2.842730060    3.146676806    3.136911589
    6.010816361    2.816021164    3.115552621    3.105607994
    6.060898164    2.789878910    3.085088987    3.074975567
    6.110979967    2.764287517    3.055267505    3.044995417
    6.161061770    2.739231753    3.026070408    3.015649312
    6.211143573    2.714696905    2.997480541    2.986919653
    6.261225376    2.690668759    2.969481329    2.958789445
    6.311307179    2.667133585    2.942056759    2.931242276
    6.361388982    2.644078111    2.915191356    2.904262290
    6.411470785    2.621489507    2.888870159    2.877834167
    6.461552588    2.599355370    2.863078704    2.851943097
    6.511634391    2.577663701    2.837803001    2.826574765
    6.561716194    2.556402898    2.813029519    2.801715327
    6.611797997    2.535561730    2.788745166    2.777351394
    6.661879800    2.515129334    2.764937270    2.753470013
    6.711961603    2.495095189    2.741593569    2.730058649
    6.762043406    2.475449114    2.718702189    2.707105173
    6.812125209    2.456181247    2.696251631    2.684597840
    6.862207012    2.437282037    2.674230759    2.662525279
    6.912288815    2.418742230    2.652628785    2.640876479
    6.962370618    2.400552863    2.631435255    2.619640773
    7.012452421    2.382705245    2.610640040    2.598807825
    7.062534224    2.365190955    2.590233318    2.578367621
    7.112616027    2.348001825    2.570205569    2.558310453
    7.162697830    2.331129939    2.550547561    2.538626910
    7.212779633    2.314567615    2.531250340    2.519307868
    7.262861436    2.298307403    2.512305220    2.500344478
    7.312943239    2.282342076    2.493703773    2.481728156
    7.363025042    2.266664617    2.475437823    2.463450575
    7.413106845    2.251268220    2.457499430    2.445503653
    7.463188648    2.236146274    2.439880890    2.427879549
    7.513270451    2.221292362    2.422574722    2.410570649
    7.563352254    2.206700253    2.405573660    2.393569564
    7.613434057    2.192363893    2.388870649    2.376869115
    7.663515860    2.178277403    2.372458833    2.360462334
    7.713597663    2.164435071    2.356331555    2.344342450
    7.763679466    2.150831344    2.340482341    2.328502886
    7.813761269    2.137460828    2.324904903    2.312937250
    7.863843072    2.124318279    2.309593126    2.297639330
    7.913924875    2.111398596    2.294541068    2.282603090
    7.964006678    2.098696823    2.279742949    2.267822660
    8.014088481    2.086208138    2.265193148    2.253292333
    8.064170284    2.073927851    2.250886199    2.239006561
    8.114252087    2.061851400    2.236816784    2.224959945
    8.164333890    2.049974346    2.222979727    2.211147236
    8.214415693    2.038292369    2.209369996    2.197563325
    8.264497496    2.026801267    2.195982689    2.184203242
    8.314579299    2.015496946    2.182813036    2.171062150
    8.364661102    2.004375423    2.169856396    2.158135341
    8.414742905    1.993432821    2.157108246    2.145418232
    8.464824708    1.982665361    2.144564185    2.132906362
    8.514906511    1.972069366    2.132219924    2.120595385
    8.564988314    1.961641252    2.120071289    2.108481070
    8.615070117    1.951377529    2.108114210    2.096559296
    8.665151920    1.941274797    2.096344723    2.084826049
    8.715233723    1.931329741    2.084758967    2.073277417
    8.765315526    1.921539132    2.073353177    2.061909588
    8.815397329    1.911899822    2.062123683    2.050718850
    8.865479132    1.902408742    2.051066910    2.039701583
    8.915560935    1.893062900    2.040179371    2.028854257
    8.965642738    1.883859379    2.029457664    2.018173433
    9.015724541    1.874795335    2.018898476    2.007655757
    9.065806344    1.865867993    2.008498571    1.997297959
    9.115888147    1.857074646    1.998254797    1.987096849
    9.165969950    1.848412654    1.988164075    1.977049315
    9.216051753    1.839879441    1.978223404    1.967152324
    9.266133556    1.831472494    1.968429853    1.957402914
    9.316215359    1.823189359    1.958780566    1.947798197
    9.366297162    1.815027643    1.949272750    1.938335353
    9.416378965    1.806985009    1.939903684    1.929011631
    9.466460768    1.799059175    1.930670707    1.919824346
    9.516542571    1.791247914    1.921571225    1.910770876
    9.566624374    1.783549051    1.912602702    1.901848662
    9.616706177    1.775960463    1.903762664    1.893055206
    9.666787980    1.768480074    1.895048692    1.884388066
    9.716869783    1.761105859    1.886458427    1.875844861
    9.766951586    1.753835838    1.877989561    1.867423263
    9.817033389    1.746668078    1.869639841    1.859120997
    9.867115192    1.739600690    1.861407064    1.850935844
    9.917196995    1.732631827    1.853289081    1.842865633
    9.967278798    1.725759684    1.845283787    1.834908243
   10.017360601    1.718982500    1.837389128    1.827061603
   10.067442404    1.712298549    1.829603095    1.819323688
   10.117524207    1.705706146    1.821923725    1.811692518
   10.167606010    1.699203645    1.814349098    1.804166158
   10.217687813    1.692789434    1.806877336    1.796742717
   10.267769616    1.686461938    1.799506604    1.789420346
   10.317851419    1.680219617    1.792235107    1.782197235
   10.367933222    1.674060964    1.785061089    1.775071617
   10.418015025    1.667984505    1.777982832    1.768041762
   10.468096828    1.661988799    1.770998658    1.761105978
   10.518178631    1.656072435    1.764106922    1.754262611
   10.568260434    1.650234033    1.757306017    1.747510043
   10.618342237    1.644472244    1.750594368    1.740846688
   10.668424040    1.638785744    1.743970436    1.734270998
   10.718505843    1.633173242    1.737432715    1.727781456
   10.768587646    1.627633472    1.730979728    1.721376579
   10.818669449    1.622165194    1.724610033    1.715054914
   10.868751252    1.616767195    1.718322215    1.708815038
   10.918833055    1.611438288    1.712114891    1.702655562
   10.968914858    1.606177310    1.705986707    1.696575121
   11.018996661    1.600983122    1.699936335    1.690572383
   11.069078464    1.595854610    1.693962476    1.684646042
   11.119160267    1.590790682    1.688063858    1.678794817
   11.169242070    1.585790267    1.682239235    1.673017458
   11.219323873    1.580852319    1.676487385    1.667312737
   11.269405676    1.575975811    1.670807113    1.661679453
   11.319487479    1.571159737    1.665197248    1.656116428
   11.369569282    1.566403113    1.659656642    1.650622511
   11.419651085    1.561704973    1.654184169    1.645196571
   11.469732888    1.557064371    1.648778727    1.639837501
   11.519814691    1.552480380    1.643439238    1.634544217
   11.569896494    1.547952092    1.638164641    1.629315656
   11.619978297    1.543478616    1.632953899    1.624150777
   11.670060100    1.539059079    1.627805996    1.619048559
   11.720141903    1.534692626    1.622719934    1.614008001
   11.770223706    1.530378417    1.617694735    1.609028122
   11.820305509    1.526115630    1.612729442    1.604107961
   11.870387312    1.521903459    1.607823114    1.599246575
   11.920469115    1.517741112    1.602974830    1.594443040
   11.970550918    1.513627813    1.598183686    1.589696448
   12.020632721    1.509562803    1.593448795    1.585005912
   12.070714524    1.505545335    1.588769290    1.580370560
   12.120796327    1.501574677    1.584144316    1.575789537
   12.170878130    1.497650112    1.579573037    1.571262004
   12.220959933    1.493770934    1.575054633    1.566787138
   12.271041736    1.489936453    1.570588299    1.562364134
   12.321123539    1.486145991    1.566173244    1.557992198
   12.371205342    1.482398882    1.561808693    1.553670555
   12.421287145    1.478694474    1.557493886    1.549398443
   12.471368948    1.475032126    1.553228077    1.545175113
   12.521450751    1.471411210    1.549010532    1.540999832
   12.571532554    1.467831107    1.544840533    1.536871880
   12.621614357    1.464291212    1.540717373    1.532790550
   12.671696160    1.460790931    1.536640361    1.528755147
   12.721777963    1.457329680    1.532608814    1.524764992
   12.771859766    1.453906885    1.528622067    1.520819415
   12.821941569    1.450521983    1.524679463    1.516917761
   12.872023372    1.447174423    1.520780359    1.513059384
   12.922105175    1.443863661    1.516924121    1.509243653
   12.972186978    1.440589165    1.513110130    1.505469946
   13.022268781    1.437350412    1.509337775    1.501737653
   13.072350584    1.434146886    1.505606459    1.498046175
   13.122432387    1.430978084    1.501915592    1.494394923
   13.172514190    1.427843510    1.498264597    1.490783320
   13.222595993    1.424742677    1.494652906    1.487210799
   13.272677796    1.421675105    1.491079963    1.483676801
   13.322759599    1.418640325    1.487545218    1.480180779
   13.372841402    1.415637875    1.484048135    1.476722196
   13.422923205    1.412667301    1.480588183    1.473300521
   13.473005008    1.409728158    1.477164845    1.469915236
   13.523086811    1.406820005    1.473777608    1.466565832
   13.573168614    1.403942414    1.470425971    1.463251805
   13.623250417    1.401094961    1.467109442    1.459972663
   13.673332220    1.398277230    1.463827535    1.456727923
   13.723414023    1.395488811    1.460579773    1.453517108
   13.773495826    1.392729303    1.457365690    1.450339750
   13.823577629    1.389998310    1.454184823    1.447195389
   13.873659432    1.387295445    1.451036722    1.444083574
   13.923741235    1.384620325    1.447920939    1.441003859
   13.973823038    1.381972575    1.444837039    1.437955809
   14.023904841    1.379351825    1.441784592    1.434938994
   14.073986644    1.376757713    1.438763173    1.431952991
   14.124068447    1.374189881    1.435772367    1.428997385
   14.174150250    1.371647979    1.432811766    1.426071768
   14.224232053    1.369131661    1.429880967    1.423175738
   14.274313856    1.366640587    1.426979574    1.420308901
   14.324395659    1.364174424    1.424107198    1.417470868
   14.374477462    1.361732843    1.421263457    1.414661258
   14.424559265    1.359315520    1.418447973    1.411879694
   14.474641068    1.356922139    1.415660378    1.409125807
   14.524722871    1.354552385    1.412900305    1.406399234
   14.574804674    1.352205952    1.410167398    1.403699617
   14.624886477    1.349882537    1.407461302    1.401026605
   14.674968280    1.347581842    1.404781672    1.398379851
   14.725050083    1.345303573    1.402128165    1.395759015
   14.775131886    1.343047443    1.399500445    1.393163761
   14.825213689    1.340813167    1.396898183    1.390593761
   14.875295492    1.338600466    1.394321053    1.388048690
   14.925377295    1.336409066    1.391768733    1.385528227
   14.975459098    1.334238695    1.389240910    1.383032061
   15.025540902    1.332089088    1.386737273    1.380559880
   15.075622705    1.329959982    1.384257516    1.378111381
   15.125704508    1.327851119    1.381801340    1.375686264
   15.175786311    1.325762246    1.379368447    1.373284235
   15.225868114    1.323693112    1.376958547    1.370905002
   15.275949917    1.321643471    1.374571353    1.368548281
   15.326031720    1.319613080    1.372206583    1.366213790
   15.376113523    1.317601702    1.369863958    1.363901253
   15.426195326    1.315609100    1.367543206    1.361610395
   15.476277129    1.313635044    1.365244055    1.359340950
   15.526358932    1.311679306    1.362966241    1.357092652
   15.576440735    1.309741661    1.360709503    1.354865242
   15.626522538    1.307821889    1.358473583    1.352658463
   15.676604341    1.305919772    1.356258227    1.350472062
   15.726686144    1.304035095    1.354063186    1.348305791
   15.776767947    1.302167647    1.351888213    1.346159406
   15.826849750    1.300317220    1.349733068    1.344032664
   15.876931553    1.298483610    1.347597510    1.341925329
   15.927013356    1.296666615    1.345481305    1.339837166
   15.977095159    1.294866035    1.343384221    1.337767945
   16.027176962    1.293081676    1.341306031    1.335717440
   16.077258765    1.291313344    1.339246509    1.333685425
   16.127340568    1.289560848    1.337205433    1.331671682
   16.177422371    1.287824002    1.335182586    1.329675992
   16.227504174    1.286102622    1.333177753    1.327698143
   16.277585977    1.284396524    1.331190722    1.325737922
   16.327667780    1.282705531    1.329221284    1.323795123
   16.377749583    1.281029464    1.327269232    1.321869541
   16.427831386    1.279368152    1.325334366    1.319960974
   16.477913189    1.277721420    1.323416484    1.318069224
   16.527994992    1.276089102    1.321515390    1.316194094
   16.578076795    1.274471030    1.319630889    1.314335392
   16.628158598    1.272867039    1.317762790    1.312492927
   16.678240401    1.271276968    1.315910905    1.310666513
   16.728322204    1.269700658    1.314075048    1.308855963
   16.778404007    1.268137950    1.312255036    1.307061096
   16.828485810    1.266588691    1.310450687    1.305281732
   16.878567613    1.265052726    1.308661823    1.303517695
   16.928649416    1.263529906    1.306888270    1.301768809
   16.978731219    1.262020081    1.305129854    1.300034903
   17.028813022    1.260523105    1.303386404    1.298315807
   17.078894825    1.259038833    1.301657751    1.296611353
   17.128976628    1.257567124    1.299943731    1.294921377
   17.179058431    1.256107836    1.298244178    1.293245717
   17.229140234    1.254660831    1.296558933    1.291584211
   17.279222037    1.253225973    1.294887835    1.289936702
   17.329303840    1.251803126    1.293230728    1.288303034
   17.379385643    1.250392158    1.291587456    1.286683052
   17.429467446    1.248992937    1.289957868    1.285076606
   17.479549249    1.247605335    1.288341813    1.283483546
   17.529631052    1.246229223    1.286739141    1.281903724
   17.579712855    1.244864477    1.285149707    1.280336995
   17.629794658    1.243510971    1.283573365    1.278783215
   17.679876461    1.242168584    1.282009975    1.277242242
   17.729958264    1.240837195    1.280459393    1.275713938
   17.780040067    1.239516684    1.278921483    1.274198164
   17.830121870    1.238206934    1.277396107    1.272694784
   17.880203673    1.236907830    1.275883130    1.271203664
   17.930285476    1.235619257    1.274382419    1.269724673
   17.980367279    1.234341101    1.272893842    1.268257679
   18.030449082    1.233073252    1.271417269    1.266802553
   18.080530885    1.231815600    1.269952573    1.265359170
   18.130612688    1.230568036    1.268499627    1.263927402
   18.180694491    1.229330453    1.267058307    1.262507127
   18.230776294    1.228102746    1.265628490    1.261098223
   18.280858097    1.226884811    1.264210053    1.259700569
   18.330939900    1.225676544    1.262802878    1.258314046
   18.381021703    1.224477844    1.261406846    1.256938538
   18.431103506    1.223288610    1.260021841    1.255573927
   18.481185309    1.222108745    1.258647746    1.254220100
   18.531267112    1.220938151    1.257284450    1.252876944
   18.581348915    1.219776730    1.255931838    1.251544349
   18.631430718    1.218624388    1.254589802    1.250222203
   18.681512521    1.217481032    1.253258230    1.248910398
   18.731594324    1.216346567    1.251937016    1.247608828
   18.781676127    1.215220904    1.250626052    1.246317387
   18.831757930    1.214103952    1.249325234    1.245035970
   18.881839733    1.212995620    1.248034457    1.243764475
   18.931921536    1.211895823    1.246753620    1.242502799
   18.982003339    1.210804471    1.245482620    1.241250843
   19.032085142    1.209721481    1.244221359    1.240008507
   19.082166945    1.208646766    1.242969736    1.238775693
   19.132248748    1.207580244    1.241727655    1.237552305
   19.182330551    1.206521831    1.240495020    1.236338248
   19.232412354    1.205471447    1.239271735    1.235133426
   19.282494157    1.204429009    1.238057707    1.233937748
   19.332575960    1.203394440    1.236852842    1.232751121
   19.382657763    1.202367660    1.235657050    1.231573455
   19.432739566    1.201348592    1.234470240    1.230404660
   19.482821369    1.200337159    1.233292323    1.229244647
   19.532903172    1.199333286    1.232123210    1.228093329
   19.582984975    1.198336897    1.230962815    1.226950620
   19.633066778    1.197347918    1.229811051    1.225816435
   19.683148581    1.196366278    1.228667833    1.224690689
   19.733230384    1.195391903    1.227533078    1.223573300
   19.783312187    1.194424724    1.226406703    1.222464184
   19.833393990    1.193464668    1.225288625    1.221363262
   19.883475793    1.192511667    1.224178764    1.220270452
   19.933557596    1.191565653    1.223077040    1.219185677
   19.983639399    1.190626556    1.221983374    1.218108856
   20.033721202    1.189694312    1.220897688    1.217039914
   20.083803005    1.188768853    1.219819905    1.215978774
   20.133884808    1.187850113    1.218749948    1.214925360
   20.183966611    1.186938029    1.217687743    1.213879598
   20.234048414    1.186032537    1.216633215    1.212841414
   20.284130217    1.185133573    1.215586291    1.211810736
   20.334212020    1.184241075    1.214546898    1.210787492
   20.384293823    1.183354982    1.213514964    1.209771610
   20.434375626    1.182475232    1.212490419    1.208763021
   20.484457429    1.181601766    1.211473192    1.207761655
   20.534539232    1.180734525    1.210463215    1.206767444
   20.584621035    1.179873448    1.209460418    1.205780320
   20.634702838    1.179018480    1.208464735    1.204800216
   20.684784641    1.178169561    1.207476098    1.203827065
   20.734866444    1.177326636    1.206494442    1.202860803
   20.784948247    1.176489648    1.205519700    1.201901366
   20.835030050    1.175658542    1.204551810    1.200948688
   20.885111853    1.174833263    1.203590706    1.200002707
   20.935193656    1.174013758    1.202636326    1.199063361
   20.985275459    1.173199972    1.201688608    1.198130588
   21.035357262    1.172391853    1.200747490    1.197204326
   21.085439065    1.171589349    1.199812912    1.196284517
   21.135520868    1.170792407    1.198884812    1.195371100
   21.185602671    1.170000978    1.197963131    1.194464016
   21.235684474    1.169215010    1.197047812    1.193563208
   21.285766277    1.168434453    1.196138795    1.192668617
   21.335848080    1.167659258    1.195236023    1.191780187
   21.385929883    1.166889377    1.194339439    1.190897861
   21.436011686    1.166124760    1.193448988    1.190021585
   21.486093489    1.165365361    1.192564613    1.189151303
   21.536175292    1.164611133    1.191686259    1.188286960
   21.586257095    1.163862028    1.190813873    1.187428503
   21.636338898    1.163118000    1.189947401    1.186575880
   21.686420701    1.162379005    1.189086789    1.185729036
   21.736502504    1.161644996    1.188231985    1.184887921
   21.786584307    1.160915929    1.187382938    1.184052484
   21.836666110    1.160191761    1.186539595    1.183222672
   21.886747913    1.159472447    1.185701906    1.182398437
   21.936829716    1.158757945    1.184869820    1.181579728
   21.986911519    1.158048212    1.184043289    1.180766496
   22.036993322    1.157343205    1.183222263    1.179958693
   22.087075125    1.156642883    1.182406694    1.179156270
   22.137156928    1.155947205    1.181596532    1.178359181
   22.187238731    1.155256130    1.180791732    1.177567378
   22.237320534    1.154569618    1.179992245    1.176780815
   22.287402337    1.153887628    1.179198026    1.175999446
   22.337484140    1.153210122    1.178409029    1.175223225
   22.387565943    1.152537059    1.177625207    1.174452107
   22.437647746    1.151868402    1.176846516    1.173686048
   22.487729549    1.151204113    1.176072911    1.172925004
   22.537811352    1.150544153    1.175304349    1.172168932
   22.587893155    1.149888485    1.174540786    1.171417788
   22.637974958    1.149237072    1.173782179    1.170671529
   22.688056761    1.148589878    1.173028484    1.169930114
   22.738138564    1.147946866    1.172279661    1.169193501
   22.788220367    1.147308001    1.171535667    1.168461649
   22.838302170    1.146673247    1.170796461    1.167734517
   22.888383973    1.146042569    1.170062002    1.167012064
   22.938465776    1.145415932    1.169332250    1.166294251
   22.988547579    1.144793303    1.168607165    1.165581037
   23.038629382    1.144174646    1.167886707    1.164872385
   23.088711185    1.143559929    1.167170837    1.164168256
   23.138792988    1.142949118    1.166459517    1.163468610
   23.188874791    1.142342181    1.165752707    1.162773410
   23.238956594    1.141739084    1.165050371    1.162082620
   23.289038397    1.141139796    1.164352470    1.161396201
   23.339120200    1.140544285    1.163658968    1.160714117
   23.389202003    1.139952518    1.162969828    1.160036331
   23.439283806    1.139364466    1.162285013    1.159362809
   23.489365609    1.138780097    1.161604487    1.158693513
   23.539447412    1.138199380    1.160928215    1.158028410
   23.589529215    1.137622285    1.160256162    1.157367464
   23.639611018    1.137048783    1.159588293    1.156710641
   23.689692821    1.136478843    1.158924572    1.156057906
   23.739774624    1.135912437    1.158264967    1.155409226
   23.789856427    1.135349535    1.157609443    1.154764568
   23.839938230    1.134790108    1.156957966    1.154123898
   23.890020033    1.134234128    1.156310504    1.153487184
   23.940101836    1.133681568    1.155667024    1.152854393
   23.990183639    1.133132398    1.155027493    1.152225493
   24.040265442    1.132586592    1.154391879    1.151600453
   24.090347245    1.132044122    1.153760151    1.150979241
   24.140429048    1.131504961    1.153132276    1.150361826
   24.190510851    1.130969082    1.152508225    1.149748178
   24.240592654    1.130436459    1.151887965    1.149138265
   24.290674457    1.129907066    1.151271466    1.148532057
   24.340756260    1.129380876    1.150658698    1.147929526
   24.390838063    1.128857865    1.150049632    1.147330640
   24.440919866    1.128338006    1.149444237    1.146735372
   24.491001669    1.127821274    1.148842484    1.146143691
   24.541083472    1.127307645    1.148244344    1.145555569
   24.591165275    1.126797093    1.147649789    1.144970979
   24.641247078    1.126289594    1.147058789    1.144389891
   24.691328881    1.125785125    1.146471318    1.143812278
   24.741410684    1.125283660    1.145887345    1.143238112
   24.791492487    1.124785177    1.145306845    1.142667366
   24.841574290    1.124289652    1.144729790    1.142100014
   24.891656093    1.123797061    1.144156152    1.141536027
   24.941737896    1.123307381    1.143585905    1.140975380
   24.991819699    1.122820591    1.143019022    1.140418047
   25.041901503    1.122336666    1.142455477    1.139864001
   25.091983306    1.121855585    1.141895244    1.139313217
   25.142065109    1.121377326    1.141338296    1.138765670
   25.192146912    1.120901866    1.140784610    1.138221333
   25.242228715    1.120429184    1.140234158    1.137680183
   25.292310518    1.119959258    1.139686916    1.137142194
   25.342392321    1.119492067    1.139142860    1.136607341
   25.392474124    1.119027590    1.138601964    1.136075602
   25.442555927    1.118565806    1.138064204    1.135546951
   25.492637730    1.118106695    1.137529557    1.135021364
   25.542719533    1.117650235    1.136997998    1.134498819
   25.592801336    1.117196406    1.136469503    1.133979292
   25.642883139    1.116745189    1.135944050    1.133462759
   25.692964942    1.116296564    1.135421615    1.132949198
   25.743046745    1.115850510    1.134902174    1.132438587
   25.793128548    1.115407008    1.134385706    1.131930902
   25.843210351    1.114966039    1.133872187    1.131426121
   25.893292154    1.114527583    1.133361596    1.130924223
   25.943373957    1.114091622    1.132853910    1.130425185
   25.993455760    1.113658137    1.132349107    1.129928986
   26.043537563    1.113227109    1.131847166    1.129435604
   26.093619366    1.112798519    1.131348065    1.128945019
   26.143701169    1.112372350    1.130851782    1.128457209
   26.193782972    1.111948582    1.130358297    1.127972153
   26.243864775    1.111527199    1.129867588    1.127489831
   26.293946578    1.111108183    1.129379636    1.127010222
   26.344028381    1.110691515    1.128894419    1.126533306
   26.394110184    1.110277179    1.128411917    1.126059063
   26.444191987    1.109865156    1.127932109    1.125587473
   26.494273790    1.109455430    1.127454977    1.125118516
   26.544355593    1.109047985    1.126980500    1.124652174
   26.594437396    1.108642802    1.126508658    1.124188425
   26.644519199    1.108239866    1.126039433    1.123727253
   26.694601002    1.107839159    1.125572804    1.123268636
   26.744682805    1.107440666    1.125108753    1.122812557
   26.794764608    1.107044371    1.124647261    1.122358997
   26.844846411    1.106650256    1.124188310    1.121907937
   26.894928214    1.106258307    1.123731880    1.121459360
   26.945010017    1.105868507    1.123277953    1.121013247
   26.995091820    1.105480841    1.122826511    1.120569579
   27.045173623    1.105095293    1.122377536    1.120128340
   27.095255426    1.104711849    1.121931011    1.119689512
   27.145337229    1.104330492    1.121486916    1.119253076
   27.195419032    1.103951208    1.121045236    1.118819017
   27.245500835    1.103573981    1.120605952    1.118387316
   27.295582638    1.103198797    1.120169047    1.117957957
   27.345664441    1.102825642    1.119734504    1.117530923
   27.395746244    1.102454500    1.119302306    1.117106196
   27.445828047    1.102085358    1.118872436    1.116683761
   27.495909850    1.101718200    1.118444878    1.116263602
   27.545991653    1.101353014    1.118019616    1.115845701
   27.596073456    1.100989784    1.117596632    1.115430042
   27.646155259    1.100628497    1.117175911    1.115016611
   27.696237062    1.100269139    1.116757436    1.114605390
   27.746318865    1.099911696    1.116341192    1.114196365
   27.796400668    1.099556155    1.115927163    1.113789519
   27.846482471    1.099202503    1.115515333    1.113384838
   27.896564274    1.098850726    1.115105686    1.112982305
   27.946646077    1.098500810    1.114698209    1.112581907
   27.996727880    1.098152744    1.114292884    1.112183627
   28.046809683    1.097806513    1.113889697    1.111787450
   28.096891486    1.097462106    1.113488633    1.111393364
   28.146973289    1.097119508    1.113089678    1.111001351
   28.197055092    1.096778709    1.112692816    1.110611399
   28.247136895    1.096439694    1.112298032    1.110223492
   28.297218698    1.096102452    1.111905314    1.109837616
   28.347300501    1.095766971    1.111514645    1.109453758
   28.397382304    1.095433238    1.111126013    1.109071904
   28.447464107    1.095101241    1.110739402    1.108692038
   28.497545910    1.094770968    1.110354799    1.108314148
   28.547627713    1.094442407    1.109972190    1.107938220
   28.597709516    1.094115547    1.109591562    1.107564241
   28.647791319    1.093790376    1.109212900    1.107192197
   28.697873122    1.093466882    1.108836192    1.106822074
   28.747954925    1.093145053    1.108461423    1.106453860
   28.798036728    1.092824879    1.108088581    1.106087541
   28.848118531    1.092506348    1.107717652    1.105723105
   28.898200334    1.092189449    1.107348624    1.105360539
   28.948282137    1.091874170    1.106981484    1.104999830
   28.998363940    1.091560502    1.106616218    1.104640965
   29.048445743    1.091248432    1.106252814    1.104283932
   29.098527546    1.090937950    1.105891259    1.103928718
   29.148609349    1.090629046    1.105531541    1.103575311
   29.198691152    1.090321708    1.105173648    1.103223700
   29.248772955    1.090015926    1.104817567    1.102873871
   29.298854758    1.089711690    1.104463286    1.102525812
   29.348936561    1.089408990    1.104110793    1.102179513
   29.399018364    1.089107814    1.103760076    1.101834961
   29.449100167    1.088808153    1.103411123    1.101492144
   29.499181970    1.088509997    1.103063922    1.101151051
   29.549263773    1.088213335    1.102718462    1.100811670
   29.599345576    1.087918158    1.102374731    1.100473990
   29.649427379    1.087624456    1.102032717    1.100137999
   29.699509182    1.087332220    1.101692410    1.099803687
   29.749590985    1.087041438    1.101353797    1.099471042
   29.799672788    1.086752102    1.101016868    1.099140052
   29.849754591    1.086464203    1.100681612    1.098810709
   29.899836394    1.086177730    1.100348017    1.098482999
   29.949918197    1.085892674    1.100016073    1.098156913
   30.000000000    1.085609027    1.099685769    1.097832440
